"V1" "V2"
2.71906509197889 0.671135481218033
2.58929880810173 0.382400570638786
2.58929880810173 0.382400570638786
2.58929880810173 0.382400570638786
2.58929880810173 0.382400570638786
1.98874280438758 0.965847740881145
1.98874280438758 0.965847740881145
1.98874280438758 0.965847740881145
1.98874280438758 0.965847740881145
1.98874280438758 0.965847740881145
1.98874280438758 0.965847740881145
1.98874280438758 0.965847740881145
1.98874280438758 0.965847740881145
1.98874280438758 0.965847740881145
1.98874280438758 0.965847740881145
1.98874280438758 0.965847740881145
1.98874280438758 0.965847740881145
1.98874280438758 0.965847740881145
1.98879965753214 1.00292811265092
1.98879965753214 1.00292811265092
1.98879965753214 1.00292811265092
1.98879965753214 1.00292811265092
1.98879965753214 1.00292811265092
1.98879965753214 1.00292811265092
1.98879965753214 1.00292811265092
1.98879965753214 1.00292811265092
1.98879965753214 1.00292811265092
1.98879965753214 1.00292811265092
1.98879965753214 1.00292811265092
1.98879965753214 1.00292811265092
1.98879965753214 1.00292811265092
1.98879965753214 1.00292811265092
1.98879965753214 1.00292811265092
1.98879965753214 1.00292811265092
1.98879965753214 1.00292811265092
1.98879965753214 1.00292811265092
1.98879965753214 1.00292811265092
1.98879965753214 1.00292811265092
1.98879965753214 1.00292811265092
1.98879965753214 1.00292811265092
1.98879965753214 1.00292811265092
1.98879965753214 1.00292811265092
1.98879965753214 1.00292811265092
1.98879965753214 1.00292811265092
1.98879965753214 1.00292811265092
1.98879965753214 1.00292811265092
1.98879965753214 1.00292811265092
1.98879965753214 1.00292811265092
1.98879965753214 1.00292811265092
1.98879965753214 1.00292811265092
1.98879965753214 1.00292811265092
1.98879965753214 1.00292811265092
1.98879965753214 1.00292811265092
1.98879965753214 1.00292811265092
1.98879965753214 1.00292811265092
1.98879965753214 1.00292811265092
1.98879965753214 1.00292811265092
1.98879965753214 1.00292811265092
1.98879965753214 1.00292811265092
1.98879965753214 1.00292811265092
1.98879965753214 1.00292811265092
1.99043867890499 1.01573326570431
1.98879965753214 1.00292811265092
1.98879965753214 1.00292811265092
1.98879965753214 1.00292811265092
1.98879965753214 1.00292811265092
1.98879965753214 1.00292811265092
1.98879965753214 1.00292811265092
1.98879965753214 1.00292811265092
1.98879965753214 1.00292811265092
1.99043867890499 1.01573326570431
1.99043867890499 1.01573326570431
2.00226128364365 0.991354033627639
2.00226128364365 0.991354033627639
2.00226128364365 0.991354033627639
2.00226128364365 0.991354033627639
2.00226128364365 0.991354033627639
2.00226128364365 0.991354033627639
2.00226128364365 0.991354033627639
2.00226128364365 0.991354033627639
2.00226128364365 0.991354033627639
2.00226128364365 0.991354033627639
2.00226128364365 0.991354033627639
2.00226128364365 0.991354033627639
2.00226128364365 0.991354033627639
2.00226128364365 0.991354033627639
2.00226128364365 0.991354033627639
2.00226128364365 0.991354033627639
2.00226128364365 0.991354033627639
2.00226128364365 0.991354033627639
2.00226128364365 0.991354033627639
2.00226128364365 0.991354033627639
2.00226128364365 0.991354033627639
2.00226128364365 0.991354033627639
2.00226128364365 0.991354033627639
2.00226128364365 0.991354033627639
2.00226128364365 0.991552192748787
2.00226128364365 0.991552192748787
2.00014498189643 1.00421949684055
2.00226128364365 0.991552192748787
2.00226128364365 0.991552192748787
2.00226128364365 0.991552192748787
2.00226128364365 0.991552192748787
2.00226128364365 0.991552192748787
2.00226128364365 0.991552192748787
2.00226128364365 0.991552192748787
2.00226128364365 0.991552192748787
2.00226128364365 0.991552192748787
2.00226128364365 0.991552192748787
2.00226128364365 0.991552192748787
2.00226128364365 0.991552192748787
2.00226128364365 0.991552192748787
2.00226128364365 0.991552192748787
2.00226128364365 0.991552192748787
2.00226128364365 0.991552192748787
2.00226128364365 0.991552192748787
2.00226128364365 0.991552192748787
2.00226128364365 0.991552192748787
2.00226128364365 0.991552192748787
2.00226128364365 0.991552192748787
2.00226128364365 0.991552192748787
2.00226128364365 0.991552192748787
2.00226128364365 0.991552192748787
2.00226128364365 0.991552192748787
2.00226128364365 0.991552192748787
2.00226128364365 0.991552192748787
2.00226128364365 0.991552192748787
2.00226128364365 0.991552192748787
2.00226128364365 0.991552192748787
2.00226128364365 0.991552192748787
2.00226128364365 0.991552192748787
2.00226128364365 0.991552192748787
2.00226128364365 0.991552192748787
2.00226128364365 0.991552192748787
2.00226128364365 0.991552192748787
2.00226128364365 0.991552192748787
2.00226128364365 0.991552192748787
2.00226128364365 0.991552192748787
2.00226128364365 0.991552192748787
2.00226128364365 0.991552192748787
2.00226128364365 0.991552192748787
2.00226128364365 0.991552192748787
2.00226128364365 0.991552192748787
2.00226128364365 0.991552192748787
2.00226128364365 0.991552192748787
2.00226128364365 0.991552192748787
2.00226128364365 0.991552192748787
2.00226128364365 0.991552192748787
2.00226128364365 0.991552192748787
2.00226128364365 0.991552192748787
2.00226128364365 0.991552192748787
2.00226128364365 0.991552192748787
2.00226128364365 0.991552192748787
2.00226128364365 0.991552192748787
2.00226128364365 0.991552192748787
2.00226128364365 0.991552192748787
2.00226128364365 0.991552192748787
2.00226128364365 0.991552192748787
2.00226128364365 0.991552192748787
2.00226128364365 0.991552192748787
2.00226128364365 0.991552192748787
2.00226128364365 0.991552192748787
2.00226128364365 0.991552192748787
2.00226128364365 0.991354033627639
2.00226128364365 0.991354033627639
2.00226128364365 0.991354033627639
2.00226128364365 0.991354033627639
2.00226128364365 0.991354033627639
2.00226128364365 0.991354033627639
2.00226128364365 0.991354033627639
2.00226128364365 0.991354033627639
2.00226128364365 0.991354033627639
2.00226128364365 0.994841540228459
2.00226128364365 0.994841540228459
2.00226128364365 0.994841540228459
2.00226128364365 0.994841540228459
2.00226128364365 0.994841540228459
2.00226128364365 0.994841540228459
2.00226128364365 0.994841540228459
2.00226128364365 0.994841540228459
2.00226128364365 0.994841540228459
2.00226128364365 0.994841540228459
2.00226128364365 0.994841540228459
2.00226128364365 0.994841540228459
2.00226128364365 0.994841540228459
2.00226128364365 0.994841540228459
2.00226128364365 0.994841540228459
2.00226128364365 0.994841540228459
2.00226128364365 0.994841540228459
2.00226128364365 0.994841540228459
2.00226128364365 0.994841540228459
2.00226128364365 0.994841540228459
2.00226128364365 0.994841540228459
2.00226128364365 0.994841540228459
2.00226128364365 0.994841540228459
2.00226128364365 0.994841540228459
2.00226128364365 0.994841540228459
2.00226128364365 0.994841540228459
2.00226128364365 0.994841540228459
2.00226128364365 0.994841540228459
2.00226128364365 0.994841540228459
2.00226128364365 0.994841540228459
2.00226128364365 0.994841540228459
2.00226128364365 0.994841540228459
2.00226128364365 0.994841540228459
2.00226128364365 0.994841540228459
2.00226128364365 0.994841540228459
2.00226128364365 0.994841540228459
2.00226128364365 0.994841540228459
2.00226128364365 0.994841540228459
2.00226128364365 0.994841540228459
2.00226128364365 0.994841540228459
2.00226128364365 0.994841540228459
2.00226128364365 0.994841540228459
2.00226128364365 0.994841540228459
2.00226128364365 0.994841540228459
2.00226128364365 0.994841540228459
2.00226128364365 0.994841540228459
2.00226128364365 0.994841540228459
2.00226128364365 0.994841540228459
2.00226128364365 0.994841540228459
2.00226128364365 0.994841540228459
2.00226128364365 0.994841540228459
2.00226128364365 0.994841540228459
2.00226128364365 0.994841540228459
2.00226128364365 0.994841540228459
2.00226128364365 0.994841540228459
2.00226128364365 0.994841540228459
2.00226128364365 0.994841540228459
2.00226128364365 0.994841540228459
2.00226128364365 0.994841540228459
2.00226128364365 0.994841540228459
2.00226128364365 0.994841540228459
2.00226128364365 0.994841540228459
2.00226128364365 0.994841540228459
2.00226128364365 0.994841540228459
2.00226128364365 0.994841540228459
2.00226128364365 0.994841540228459
2.00226128364365 0.994841540228459
2.00226128364365 0.994841540228459
2.00226128364365 0.994841540228459
2.00226128364365 0.994841540228459
2.00226128364365 0.994841540228459
2.00226128364365 0.994841540228459
2.00226128364365 0.994841540228459
2.00226128364365 0.994841540228459
2.00226128364365 0.994841540228459
2.00226128364365 0.994841540228459
2.00226128364365 0.994841540228459
2.00226128364365 0.994841540228459
2.00226128364365 0.994841540228459
2.00226128364365 0.994841540228459
2.00226128364365 0.994841540228459
2.00226128364365 0.994841540228459
2.00117325567117 0.995121734427188
2.00117325567117 0.995121734427188
2.00117325567117 0.995121734427188
2.00117325567117 0.995121734427188
2.00117325567117 0.995121734427188
2.00117325567117 0.995121734427188
2.00117325567117 0.995121734427188
2.00117325567117 0.995121734427188
2.00117325567117 0.995121734427188
2.00117325567117 0.995121734427188
2.00117325567117 0.995121734427188
2.00117325567117 0.995121734427188
2.00117325567117 0.995121734427188
2.00117325567117 0.995121734427188
2.00117325567117 0.995121734427188
2.00117325567117 0.995121734427188
2.00117325567117 0.995121734427188
2.00014498189643 0.992775595250986
2.00014498189643 0.992775595250986
2.00117325567117 0.995121734427188
2.00117325567117 0.995121734427188
2.00117325567117 0.995121734427188
2.00117325567117 0.995121734427188
2.00117325567117 0.995121734427188
2.00117325567117 0.995121734427188
2.00117325567117 0.995121734427188
2.00014498189643 0.992775595250986
2.00014498189643 0.992775595250986
2.00014498189643 0.992775595250986
2.00014498189643 0.992775595250986
2.00073397854731 0.994841540228459
2.00073397854731 0.994841540228459
2.00073397854731 0.994841540228459
2.00073397854731 0.994841540228459
2.00073397854731 0.994841540228459
2.00073397854731 0.994841540228459
2.00073397854731 0.994841540228459
2.00073397854731 0.994841540228459
2.00073397854731 0.994841540228459
2.00073397854731 0.994841540228459
2.00073397854731 0.994841540228459
2.00073397854731 0.994841540228459
2.00073397854731 0.994841540228459
2.00073397854731 0.994841540228459
2.00073397854731 0.994841540228459
2.00073397854731 0.994841540228459
2.00073397854731 0.994841540228459
2.00073397854731 0.994841540228459
2.00073397854731 0.994841540228459
2.00073397854731 0.994841540228459
2.00073397854731 0.994841540228459
2.00073397854731 0.994841540228459
2.00073397854731 0.994841540228459
2.00073397854731 0.994841540228459
2.00073397854731 0.994841540228459
2.00073397854731 0.994841540228459
2.00073397854731 0.994841540228459
2.00073397854731 0.994841540228459
2.00073397854731 0.994841540228459
2.00073397854731 0.994841540228459
2.00073397854731 0.994841540228459
1.99966230903078 0.995121734427188
1.99966230903078 0.995121734427188
2.00073397854731 0.994841540228459
2.00073397854731 0.994841540228459
2.00073397854731 0.994841540228459
1.99966230903078 0.995121734427188
1.99966230903078 0.995121734427188
1.99966230903078 0.995121734427188
1.99966230903078 0.995121734427188
1.99966230903078 0.995121734427188
1.99966230903078 0.995121734427188
1.99966230903078 0.995121734427188
1.99966230903078 0.995121734427188
1.99966230903078 0.995121734427188
1.99966230903078 0.995121734427188
1.99966230903078 0.995121734427188
2.00014498189643 0.992775595250986
2.00014498189643 0.992775595250986
1.99966230903078 0.995121734427188
1.99966230903078 0.995121734427188
1.99966230903078 0.995121734427188
1.99966230903078 0.995121734427188
1.99966230903078 0.995121734427188
1.99966230903078 0.995121734427188
1.99966230903078 0.995121734427188
1.99966230903078 0.995121734427188
1.99966230903078 0.995121734427188
1.99966230903078 0.995121734427188
1.99966230903078 0.995121734427188
1.99966230903078 0.995121734427188
1.99966230903078 0.995121734427188
1.99966230903078 0.995121734427188
1.99966230903078 0.995121734427188
1.99966230903078 0.995121734427188
1.99865531379061 1.00292811265092
1.99865531379061 1.00292811265092
2.00100790131227 0.997406354114667
2.00100790131227 0.997406354114667
2.00100790131227 0.997406354114667
2.00100790131227 0.997406354114667
2.00100790131227 0.997406354114667
1.99865531379061 1.00292811265092
1.99865531379061 1.00292811265092
2.00100790131227 0.997406354114667
2.00100790131227 0.997406354114667
2.00100790131227 0.997406354114667
2.00100790131227 0.997406354114667
2.00073397854731 0.994841540228459
2.00073397854731 0.994841540228459
2.00014498189643 0.992775595250986
2.00117325567117 0.994841540228459
2.00117325567117 0.994841540228459
2.00117325567117 0.994841540228459
2.00117325567117 0.994841540228459
2.00073397854731 0.999625305816921
2.00073397854731 0.999625305816921
2.00073397854731 0.999625305816921
2.00117325567117 0.997406354114667
1.99865531379061 1.00292811265092
2.00117325567117 0.997406354114667
2.00117325567117 0.997406354114667
2.00117325567117 0.997406354114667
2.00117325567117 0.997406354114667
2.00117325567117 0.997406354114667
2.00117325567117 0.997406354114667
2.00117325567117 0.997406354114667
2.00117325567117 0.997406354114667
2.00117325567117 0.997406354114667
2.00117325567117 0.997406354114667
2.00117325567117 0.997406354114667
1.99966230903078 0.995121734427188
1.99966230903078 0.995121734427188
1.99966230903078 0.995121734427188
1.99966230903078 0.994841540228459
1.99966230903078 0.994841540228459
1.99966230903078 0.994841540228459
1.99966230903078 0.994841540228459
2.00100790131227 0.995121734427188
2.00100790131227 0.995121734427188
2.00100790131227 0.995121734427188
1.99966230903078 0.994841540228459
1.99966230903078 0.994841540228459
1.99966230903078 0.994841540228459
1.99966230903078 0.994841540228459
1.99966230903078 0.994841540228459
1.99966230903078 0.994841540228459
1.99966230903078 0.994841540228459
1.99966230903078 0.994841540228459
1.99966230903078 0.994841540228459
2.0019373447797 0.995121734427188
1.99966230903078 0.994841540228459
1.99966230903078 0.994841540228459
1.99966230903078 0.994841540228459
1.99966230903078 0.997406354114667
1.99966230903078 0.997406354114667
1.99966230903078 0.997406354114667
1.99966230903078 0.997406354114667
1.99966230903078 0.997406354114667
1.99966230903078 0.997406354114667
1.99966230903078 0.997406354114667
1.99966230903078 0.997406354114667
1.99966230903078 0.997406354114667
1.99966230903078 0.997406354114667
1.99966230903078 0.997406354114667
1.99966230903078 0.997406354114667
1.99966230903078 0.997406354114667
1.99966230903078 0.997406354114667
1.99966230903078 0.997406354114667
1.99966230903078 0.997406354114667
1.99966230903078 0.997406354114667
1.99966230903078 0.997406354114667
1.99966230903078 0.997406354114667
1.99966230903078 0.997406354114667
1.99966230903078 0.997406354114667
1.99966230903078 0.997406354114667
1.99966230903078 0.997406354114667
1.99966230903078 0.997406354114667
1.99966230903078 0.997406354114667
1.99966230903078 0.997406354114667
1.99966230903078 0.997406354114667
1.99966230903078 0.997406354114667
1.99966230903078 0.997406354114667
1.99966230903078 0.997406354114667
1.99966230903078 0.997406354114667
1.99966230903078 0.997406354114667
1.99966230903078 0.997406354114667
1.99966230903078 0.997406354114667
1.99966230903078 0.997406354114667
1.99966230903078 0.997406354114667
1.99966230903078 0.997406354114667
1.99966230903078 0.997406354114667
1.99966230903078 0.997406354114667
1.99966230903078 0.997406354114667
1.99966230903078 0.997406354114667
1.99966230903078 0.997406354114667
1.99966230903078 0.997406354114667
1.99973840836528 0.993771160599222
2.00014498189643 0.995121734427188
2.00014498189643 0.995121734427188
2.00014498189643 0.995121734427188
2.00014498189643 0.995121734427188
2.00014498189643 0.995121734427188
2.00014498189643 0.995121734427188
2.00073397854731 0.999625305816921
2.00073397854731 0.999625305816921
2.00014498189643 0.995121734427188
2.00014498189643 0.995121734427188
2.00014498189643 0.995121734427188
2.00014498189643 0.995121734427188
2.00014498189643 0.995121734427188
2.00014498189643 0.995121734427188
2.00014498189643 0.995121734427188
2.00014498189643 0.995121734427188
2.00014498189643 0.995121734427188
1.99973840836528 0.999625305816921
1.99973840836528 0.999625305816921
1.99973840836528 0.999625305816921
1.99973840836528 0.999625305816921
1.99973840836528 0.999625305816921
1.99973840836528 0.999625305816921
1.99973840836528 0.999625305816921
1.99973840836528 0.999625305816921
1.99973840836528 0.999625305816921
1.99973840836528 0.999625305816921
1.99973840836528 0.999625305816921
1.99973840836528 0.999625305816921
1.99973840836528 0.999625305816921
2.00014498189643 0.995121734427188
2.00014498189643 0.995121734427188
2.00014498189643 0.995121734427188
2.00014498189643 0.995121734427188
2.00014498189643 0.995121734427188
2.00014498189643 0.995121734427188
2.00014498189643 0.995121734427188
2.00014498189643 0.995121734427188
2.00014498189643 0.995121734427188
2.00014498189643 0.995121734427188
2.00014498189643 0.995121734427188
2.00014498189643 0.995121734427188
2.00014498189643 0.995121734427188
2.00014498189643 0.995121734427188
2.00014498189643 0.995121734427188
2.00014498189643 0.995121734427188
2.00014498189643 0.995121734427188
2.00014498189643 0.995121734427188
2.00014498189643 0.995121734427188
2.00014498189643 0.995121734427188
2.00014498189643 0.995121734427188
2.00014498189643 0.995121734427188
2.00014498189643 0.995121734427188
2.00014498189643 0.995121734427188
1.99973840836528 0.999625305816921
2.00014498189643 0.995121734427188
2.00014498189643 0.995121734427188
2.00014498189643 0.995121734427188
2.00014498189643 0.995121734427188
2.00014498189643 0.995121734427188
2.00014498189643 0.995121734427188
2.00014498189643 0.995121734427188
2.00014498189643 0.995121734427188
2.00014498189643 0.995121734427188
2.00014498189643 0.995121734427188
2.00014498189643 0.995121734427188
2.00014498189643 0.995121734427188
2.00014498189643 0.995121734427188
2.00014498189643 0.995121734427188
2.00014498189643 0.995121734427188
2.00014498189643 0.995121734427188
2.00014498189643 0.995121734427188
2.00014498189643 0.995121734427188
1.99472880533804 1.00421949684055
2.00014498189643 0.995121734427188
2.00014498189643 0.995121734427188
2.00014498189643 0.995121734427188
2.00014498189643 0.995121734427188
1.99966230903078 0.992886769667487
1.99472880533804 1.00421949684055
1.99472880533804 1.00421949684055
1.99472880533804 1.00421949684055
1.99472880533804 1.00421949684055
1.99472880533804 1.00421949684055
1.99472880533804 1.00421949684055
1.99966230903078 0.998191175539491
1.99966230903078 0.998191175539491
1.99966230903078 0.998191175539491
1.99640277498248 1.00361001797887
1.99640277498248 1.00361001797887
1.99966230903078 0.998191175539491
1.99966230903078 0.998191175539491
1.99966230903078 0.998191175539491
1.99966230903078 0.998191175539491
1.99966230903078 0.998191175539491
1.99966230903078 0.998191175539491
1.99966230903078 0.998191175539491
1.99966230903078 0.998191175539491
1.99966230903078 0.998191175539491
2.0019373447797 0.992775595250986
1.99966230903078 0.998191175539491
1.99966230903078 0.998191175539491
1.99640277498248 1.00361001797887
1.99966230903078 0.998191175539491
1.99966230903078 0.998191175539491
1.99966230903078 0.998191175539491
1.99966230903078 0.998191175539491
1.99966230903078 0.998191175539491
1.99966230903078 0.998191175539491
1.99966230903078 0.998191175539491
1.99966230903078 0.998191175539491
1.99966230903078 0.998191175539491
1.99966230903078 0.998191175539491
1.99966230903078 0.998191175539491
1.99966230903078 0.998191175539491
1.99966230903078 0.998191175539491
1.99966230903078 0.998191175539491
1.99966230903078 0.998191175539491
1.99966230903078 0.998191175539491
1.99966230903078 0.998191175539491
1.99966230903078 0.998191175539491
2.00073397854731 0.997406354114667
1.99966230903078 0.998191175539491
1.99966230903078 0.998191175539491
1.99966230903078 0.998191175539491
1.99966230903078 0.998191175539491
1.99966230903078 0.998191175539491
1.99966230903078 0.998191175539491
2.00014498189643 0.993258312037945
1.99966230903078 0.998191175539491
1.99966230903078 0.998191175539491
1.99966230903078 0.998191175539491
1.99966230903078 0.998191175539491
1.99966230903078 0.998191175539491
1.99966230903078 0.998191175539491
1.99966230903078 0.998191175539491
1.99966230903078 0.998191175539491
1.99966230903078 0.998191175539491
1.99966230903078 0.998191175539491
1.99640277498248 1.00421949684055
1.99640277498248 1.00421949684055
1.99640277498248 1.00421949684055
1.99640277498248 1.00421949684055
1.99640277498248 1.00421949684055
1.99640277498248 1.00421949684055
1.99966230903078 0.998191175539491
1.99966230903078 0.998191175539491
1.99966230903078 0.998191175539491
2.00095950815233 0.997406354114667
1.99640277498248 1.00421949684055
1.99640277498248 1.00421949684055
1.99531176163361 1.00568156801654
1.99966230903078 1.00130284571671
1.99966230903078 1.00130284571671
1.99966230903078 1.00130284571671
1.99531176163361 1.00568156801654
1.99531176163361 1.00568156801654
1.99640277498248 1.00421949684055
1.99640277498248 1.00421949684055
1.99640277498248 1.00421949684055
1.99640277498248 1.00421949684055
1.99640277498248 1.00421949684055
1.99966230903078 1.00130284571671
1.99966230903078 1.00130284571671
1.99640277498248 1.00421949684055
1.99640277498248 1.00421949684055
1.99640277498248 1.00421949684055
1.99640277498248 1.00421949684055
1.99640277498248 1.00421949684055
1.99640277498248 1.00421949684055
1.99640277498248 1.00421949684055
1.99640277498248 1.00421949684055
1.99640277498248 1.00421949684055
1.99640277498248 1.00421949684055
1.99640277498248 1.00421949684055
1.99640277498248 1.00421949684055
1.99640277498248 1.00421949684055
1.99640277498248 1.00421949684055
1.99640277498248 1.00421949684055
1.99849297822786 1.00070524389869
1.99849297822786 1.00070524389869
1.99849297822786 1.00070524389869
1.99849297822786 1.00070524389869
1.99849297822786 1.00070524389869
2.00014498189643 0.995121734427188
2.00014498189643 0.995121734427188
2.00014498189643 0.995121734427188
2.00014498189643 0.995121734427188
2.00014498189643 0.995121734427188
2.00014498189643 0.995121734427188
2.00014498189643 0.995121734427188
2.00014498189643 0.995121734427188
2.00014498189643 0.995121734427188
2.00014498189643 0.995121734427188
2.00014498189643 0.995121734427188
2.00014498189643 0.995121734427188
2.00014498189643 0.995121734427188
1.99531176163361 1.0027191544481
1.99531176163361 1.0027191544481
2.00014498189643 0.995121734427188
2.00014498189643 0.995121734427188
2.00014498189643 0.995121734427188
2.00014498189643 0.995121734427188
1.99849297822786 1.00070524389869
1.99849297822786 1.00070524389869
1.99849297822786 1.00070524389869
1.99849297822786 1.00070524389869
1.99849297822786 1.00070524389869
1.99849297822786 1.00070524389869
1.99849297822786 1.00070524389869
1.99849297822786 1.00070524389869
1.99849297822786 1.00070524389869
1.99849297822786 1.00070524389869
1.99849297822786 1.00070524389869
1.99849297822786 1.00070524389869
1.99966230903078 0.999625305816921
1.99849297822786 1.00070524389869
1.99849297822786 1.00070524389869
1.99849297822786 1.00070524389869
1.99849297822786 1.00070524389869
1.99849297822786 1.00070524389869
1.99849297822786 1.00070524389869
1.99849297822786 1.00070524389869
1.99849297822786 1.00070524389869
1.99849297822786 1.00070524389869
1.99849297822786 1.00070524389869
1.99849297822786 1.00070524389869
1.99849297822786 1.00070524389869
1.99966230903078 0.999625305816921
1.99966230903078 0.999625305816921
1.99966230903078 0.999625305816921
1.99849297822786 1.00070524389869
1.99849297822786 1.00070524389869
1.99849297822786 1.00070524389869
1.99849297822786 1.00070524389869
1.99849297822786 1.00070524389869
1.99849297822786 1.00070524389869
1.99849297822786 1.00070524389869
1.99849297822786 1.00070524389869
1.99849297822786 1.00070524389869
1.99849297822786 1.00070524389869
1.99849297822786 1.00070524389869
1.99849297822786 1.00070524389869
1.99849297822786 1.00070524389869
1.99849297822786 1.00070524389869
1.99849297822786 1.00070524389869
1.99849297822786 1.00070524389869
1.99849297822786 1.00070524389869
1.99849297822786 1.00070524389869
1.99840436944675 0.999625305816921
1.99840436944675 0.999625305816921
1.99840436944675 0.999625305816921
1.99840436944675 0.999625305816921
1.99840436944675 0.999625305816921
1.99840436944675 0.999625305816921
1.99840436944675 0.999625305816921
1.99840436944675 0.999625305816921
1.99840436944675 0.999625305816921
1.99840436944675 0.999625305816921
1.99840436944675 0.999625305816921
1.99840436944675 0.999625305816921
1.99840436944675 0.999625305816921
1.99840436944675 0.999625305816921
1.99840436944675 0.999625305816921
1.99840436944675 0.999625305816921
1.99840436944675 0.999625305816921
1.99840436944675 0.999625305816921
1.99840436944675 0.998191175539491
1.99840436944675 0.998191175539491
1.99840436944675 0.998191175539491
1.99840436944675 0.998191175539491
1.99840436944675 0.998191175539491
1.99840436944675 0.998191175539491
1.99840436944675 0.998191175539491
1.99840436944675 0.998191175539491
1.99840436944675 0.998191175539491
1.99840436944675 0.998191175539491
1.99840436944675 0.998191175539491
1.99840436944675 0.998191175539491
1.99840436944675 0.998191175539491
1.99531176163361 1.00287062897723
1.99531176163361 1.00287062897723
1.99531176163361 1.00287062897723
1.99531176163361 1.00287062897723
1.99531176163361 1.00287062897723
1.99531176163361 1.00287062897723
1.99531176163361 1.00287062897723
1.99640277498248 1.00171858959158
1.99640277498248 1.00171858959158
1.99640277498248 1.00171858959158
1.99640277498248 1.00171858959158
1.99640277498248 1.00171858959158
1.99640277498248 1.00171858959158
1.99640277498248 1.00171858959158
1.99640277498248 1.00171858959158
1.99640277498248 1.00171858959158
1.99640277498248 1.00171858959158
1.99640277498248 1.00171858959158
1.99849297822786 0.998191175539491
1.99849297822786 0.998191175539491
1.99849297822786 0.998191175539491
1.99849297822786 0.998191175539491
1.99849297822786 0.998191175539491
1.99849297822786 0.998191175539491
1.99849297822786 1.00060467310895
1.99849297822786 1.00060467310895
1.99849297822786 1.00060467310895
1.99849297822786 1.00060467310895
1.99849297822786 1.00060467310895
1.99849297822786 1.00060467310895
1.99849297822786 1.00060467310895
1.99849297822786 1.00060467310895
1.99849297822786 1.00060467310895
1.99849297822786 1.00060467310895
1.99849297822786 1.00060467310895
1.99849297822786 1.00060467310895
1.99849297822786 1.00060467310895
1.99849297822786 1.00060467310895
1.99849297822786 1.00060467310895
1.99849297822786 1.00060467310895
1.99849297822786 1.00060467310895
1.99849297822786 1.00060467310895
1.99849297822786 1.00060467310895
1.99849297822786 1.00060467310895
1.99849297822786 1.00060467310895
1.99849297822786 1.00060467310895
1.99849297822786 1.00060467310895
1.99849297822786 1.00060467310895
1.99849297822786 1.00060467310895
1.99849297822786 1.00060467310895
1.99849297822786 1.00060467310895
1.99849297822786 1.00060467310895
1.99849297822786 1.00060467310895
1.99849297822786 1.00060467310895
1.99849297822786 1.00060467310895
1.99849297822786 1.00060467310895
1.99518948072704 1.00130284571671
1.99518948072704 1.00130284571671
1.99531176163361 1.00171858959158
1.99531176163361 1.00171858959158
1.99518948072704 1.00130284571671
1.99518948072704 1.00130284571671
1.99518948072704 1.00130284571671
1.99518948072704 1.00130284571671
1.99518948072704 1.00130284571671
1.99849297822786 1.00060467310895
1.99849297822786 1.00060467310895
1.99849297822786 1.00060467310895
1.99849297822786 1.00060467310895
1.99849297822786 0.999625305816921
1.99518948072704 1.00130284571671
1.99849297822786 0.999625305816921
1.99849297822786 0.999625305816921
1.99849297822786 0.999625305816921
1.99849297822786 0.999625305816921
1.99849297822786 0.999625305816921
1.99849297822786 0.999625305816921
1.99849297822786 0.999625305816921
1.99849297822786 0.999625305816921
1.99849297822786 0.999625305816921
1.99840436944675 0.998512561911867
1.99840436944675 0.998512561911867
1.99840436944675 0.998512561911867
1.99849297822786 0.999447403791466
1.99840436944675 0.998512561911867
1.99849297822786 0.999447403791466
1.99849297822786 0.999447403791466
1.99849297822786 0.999447403791466
1.99849297822786 0.999447403791466
1.99849297822786 0.999447403791466
1.99849297822786 0.999447403791466
1.99849297822786 0.999447403791466
1.99849297822786 0.999447403791466
1.99849297822786 0.999447403791466
1.99849297822786 0.999447403791466
1.99849297822786 0.999447403791466
1.99849297822786 0.999447403791466
1.99849297822786 0.999447403791466
1.99849297822786 0.999447403791466
1.99849297822786 0.999447403791466
1.99849297822786 0.999447403791466
1.99849297822786 0.999447403791466
1.99849297822786 0.999447403791466
1.99849297822786 0.999447403791466
1.99849297822786 0.999447403791466
1.99849297822786 0.999447403791466
1.99849297822786 0.999447403791466
1.99849297822786 0.999447403791466
1.99849297822786 0.999447403791466
1.99849297822786 1.00171858959158
1.99849297822786 1.00171858959158
1.9966093400634 1.00227692309982
1.99849297822786 0.999625305816921
1.99849297822786 0.999625305816921
1.99849297822786 0.999625305816921
1.9966093400634 1.00227692309982
1.99640277498248 1.00130284571671
1.99849297822786 0.999625305816921
1.99640277498248 1.0027191544481
1.99640277498248 1.0027191544481
1.99640277498248 1.0027191544481
1.99640277498248 1.0027191544481
1.99640277498248 1.0027191544481
1.99865531379061 0.995121734427188
1.99849297822786 0.999625305816921
1.99849297822786 0.999625305816921
1.9966093400634 1.00227692309982
1.9966093400634 1.00227692309982
1.99849297822786 0.999625305816921
1.9966093400634 1.00227692309982
1.9966093400634 1.00227692309982
1.99849297822786 0.999625305816921
1.9966093400634 1.00227692309982
1.99849297822786 0.999625305816921
1.99849297822786 0.999625305816921
1.99849297822786 0.999625305816921
1.99849297822786 0.999625305816921
1.99849297822786 0.999625305816921
1.9966093400634 1.00227692309982
1.9966093400634 1.00227692309982
1.9966093400634 1.00227692309982
2.0019373447797 0.995121734427188
1.9966093400634 1.00227692309982
1.9966093400634 1.00227692309982
1.9966093400634 1.00227692309982
1.9966093400634 1.00227692309982
1.9966093400634 1.00227692309982
1.9966093400634 1.00227692309982
1.9966093400634 1.00227692309982
1.9966093400634 1.00227692309982
1.9966093400634 1.00227692309982
2.0019373447797 0.995121734427188
2.0019373447797 0.995121734427188
2.00014498189643 0.998756600989116
2.00014498189643 0.998756600989116
2.00014498189643 0.998756600989116
2.00014498189643 0.998756600989116
2.00014498189643 0.998756600989116
2.00014498189643 0.998756600989116
2.00014498189643 0.998756600989116
2.00014498189643 0.998756600989116
1.99531176163361 1.00421949684055
1.99531176163361 1.00421949684055
1.99849297822786 1.00070524389869
1.99849297822786 1.00070524389869
1.99849297822786 1.00060467310895
1.99849297822786 1.00060467310895
1.99849297822786 1.00060467310895
1.99849297822786 1.00060467310895
1.99849297822786 1.00060467310895
1.99849297822786 1.00060467310895
1.99849297822786 1.00060467310895
1.99496945331947 1.00406053396493
1.99849297822786 1.00060467310895
1.99849297822786 1.00060467310895
1.99849297822786 1.00060467310895
1.99849297822786 1.00060467310895
1.99772315292901 1.00130284571671
1.99772315292901 1.00130284571671
1.99772315292901 1.00130284571671
1.99772315292901 1.00130284571671
1.99772315292901 1.00130284571671
1.99772315292901 1.00130284571671
1.99772315292901 1.00130284571671
1.99772315292901 1.00130284571671
1.99772315292901 1.00130284571671
1.99772315292901 1.00130284571671
1.9966093400634 0.999625305816921
1.99772315292901 1.00130284571671
1.99772315292901 1.00130284571671
1.9966093400634 0.999625305816921
1.9966093400634 0.999625305816921
1.9966093400634 0.999625305816921
1.9966093400634 0.999625305816921
1.9966093400634 0.999625305816921
1.9966093400634 0.999625305816921
1.9966093400634 0.999625305816921
1.9966093400634 0.999625305816921
1.9966093400634 0.999625305816921
1.9966093400634 0.999625305816921
1.9966093400634 0.999625305816921
1.9966093400634 0.999625305816921
1.9966093400634 0.999625305816921
1.9966093400634 0.999625305816921
1.9966093400634 0.999625305816921
1.9966093400634 0.999625305816921
1.9966093400634 0.999625305816921
1.9966093400634 0.999625305816921
1.9966093400634 0.999625305816921
1.9966093400634 0.999625305816921
1.9966093400634 0.999625305816921
1.9966093400634 0.999625305816921
1.9966093400634 0.999625305816921
1.9966093400634 0.999625305816921
1.9966093400634 0.999625305816921
1.9966093400634 0.999625305816921
1.9966093400634 0.999625305816921
1.9966093400634 0.999625305816921
1.9966093400634 0.999625305816921
1.9966093400634 0.999625305816921
1.9966093400634 0.999625305816921
1.9966093400634 0.999625305816921
1.99865531379061 1.0027191544481
1.99865531379061 1.0027191544481
1.9966093400634 0.999625305816921
1.9966093400634 0.999625305816921
1.9966093400634 0.999625305816921
1.9966093400634 0.999625305816921
1.9966093400634 0.999625305816921
1.9966093400634 0.999625305816921
1.9966093400634 0.999625305816921
1.9966093400634 0.999625305816921
1.99849297822786 1.00070524389869
1.99849297822786 1.00070524389869
1.99849297822786 1.00070524389869
1.99973840836528 0.998756600989116
1.99973840836528 0.998756600989116
1.9966093400634 1.00060467310895
1.99973840836528 0.998756600989116
1.9966093400634 1.00060467310895
1.9966093400634 1.00060467310895
1.9966093400634 1.00060467310895
1.9966093400634 1.00060467310895
1.9966093400634 1.00060467310895
1.9966093400634 1.00060467310895
1.9966093400634 1.00060467310895
1.99973840836528 0.998756600989116
1.99973840836528 0.998756600989116
1.99973840836528 0.998756600989116
1.99973840836528 0.998756600989116
1.99973840836528 0.998756600989116
1.99973840836528 0.998756600989116
1.9966093400634 1.00060467310895
1.9966093400634 1.00060467310895
1.9966093400634 1.00060467310895
1.9966093400634 1.00060467310895
1.99849297822786 1.00070524389869
1.9966093400634 1.00060467310895
1.9966093400634 1.00351865529123
1.9966093400634 1.00351865529123
1.9966093400634 1.00295800897597
1.9966093400634 1.00295800897597
1.9966093400634 1.00295800897597
1.99418021332069 1.00060467310895
2.0009701699999 0.999088565836981
1.99973840836528 0.998756600989116
1.99973840836528 0.998756600989116
1.99973840836528 0.998756600989116
1.99973840836528 0.998756600989116
1.99481391126982 1.00351865529123
1.99632117881541 1.00406053396493
1.99632117881541 1.00406053396493
1.9966093400634 1.00295800897597
2.0009701699999 0.997543259872869
2.0009701699999 0.997543259872869
2.0009701699999 0.997543259872869
2.0009701699999 0.997543259872869
2.0009701699999 0.997543259872869
1.9966093400634 1.00295800897597
2.0009701699999 0.997543259872869
2.0009701699999 0.997543259872869
2.0009701699999 0.997543259872869
1.99481391126982 1.00351865529123
2.0009701699999 0.997543259872869
1.99481391126982 1.00351865529123
1.99481391126982 1.00351865529123
1.99481391126982 1.00351865529123
1.99481391126982 1.00351865529123
1.99632117881541 1.00060467310895
1.99632117881541 1.00060467310895
1.99632117881541 1.00060467310895
1.99632117881541 1.00060467310895
1.99632117881541 1.00060467310895
1.99531176163361 1.00171858959158
1.99531176163361 1.00171858959158
1.99531176163361 1.00171858959158
1.99531176163361 1.00171858959158
1.99531176163361 1.00171858959158
1.99531176163361 1.00171858959158
1.99973840836528 0.999713081570816
1.99973840836528 0.999713081570816
1.99973840836528 0.999713081570816
1.99973840836528 0.999713081570816
1.99973840836528 0.999713081570816
2.00113931486705 0.996840098653778
2.00113931486705 0.996840098653778
1.99772315292901 1.00171858959158
1.99772315292901 1.00171858959158
1.99772315292901 1.00171858959158
1.99772315292901 1.00171858959158
1.99772315292901 1.00171858959158
1.99772315292901 1.00171858959158
1.99772315292901 1.00171858959158
1.99772315292901 1.00171858959158
1.99772315292901 1.00171858959158
1.99772315292901 1.00171858959158
1.99772315292901 1.00171858959158
1.99849297822786 1.00060467310895
1.99849297822786 1.00060467310895
1.99849297822786 1.00060467310895
1.99849297822786 1.00060467310895
1.99849297822786 1.00060467310895
1.99772315292901 1.00171858959158
1.99772315292901 1.00171858959158
1.99772315292901 1.00171858959158
1.99635219494777 1.00312349171471
1.99772315292901 1.00171858959158
1.99772315292901 1.00171858959158
1.99772315292901 1.00171858959158
2.0009701699999 0.997543259872869
2.0009701699999 0.997543259872869
1.99772315292901 1.00171858959158
1.99772315292901 1.00171858959158
1.99772315292901 1.00171858959158
1.99772315292901 1.00171858959158
1.99772315292901 1.00171858959158
1.99772315292901 1.00171858959158
1.99772315292901 1.00171858959158
1.99898633833059 0.997543259872869
1.99898633833059 0.997543259872869
1.99898633833059 0.997543259872869
1.99898633833059 0.997543259872869
1.99898633833059 0.997543259872869
1.99898633833059 0.997543259872869
1.99898633833059 0.997543259872869
1.99898633833059 0.997543259872869
1.99898633833059 0.997543259872869
1.99635219494777 1.00312349171471
1.99898633833059 0.997543259872869
1.99898633833059 0.997543259872869
1.99898633833059 0.997543259872869
1.9966093400634 0.999713081570816
1.9966093400634 0.999713081570816
1.9966093400634 0.999713081570816
1.9966093400634 0.999713081570816
1.9966093400634 0.999713081570816
1.9966093400634 0.999713081570816
1.9966093400634 0.999713081570816
1.9966093400634 0.999713081570816
1.9966093400634 0.999713081570816
1.99481391126982 1.00198127345405
1.99481391126982 1.00198127345405
1.99632117881541 1.00406053396493
1.99632117881541 1.00406053396493
1.99531176163361 1.00295800897597
1.99481391126982 1.00198127345405
1.99632117881541 1.00406053396493
1.99481391126982 1.00198127345405
1.99632117881541 1.00406053396493
1.99632117881541 1.00406053396493
1.99898633833059 0.997543259872869
1.99898633833059 0.997543259872869
1.99898633833059 0.997543259872869
1.99898633833059 0.997543259872869
1.99898633833059 0.997543259872869
1.99898633833059 0.997543259872869
1.99531176163361 1.00366487804623
1.99898633833059 0.997543259872869
1.99898633833059 0.997543259872869
1.9966093400634 1.00060467310895
1.99898633833059 0.997543259872869
1.99898633833059 0.997543259872869
1.9966093400634 1.00060467310895
1.9966093400634 1.00060467310895
1.99898633833059 0.997543259872869
1.99898633833059 0.997543259872869
1.99898633833059 0.997543259872869
1.99898633833059 0.997543259872869
1.99898633833059 0.997543259872869
1.99898633833059 0.997543259872869
1.99898633833059 0.997543259872869
1.99898633833059 0.997543259872869
1.99898633833059 0.997543259872869
1.99635219494777 1.00033011827072
1.99635219494777 1.00033011827072
1.99635219494777 1.00033011827072
1.99898633833059 0.997543259872869
1.99898633833059 0.997543259872869
1.99898633833059 0.997543259872869
1.99898633833059 0.997543259872869
1.99898633833059 0.997543259872869
1.99898633833059 0.997543259872869
1.99898633833059 0.997543259872869
1.99898633833059 0.997543259872869
1.99898633833059 0.997543259872869
1.99898633833059 0.997543259872869
1.99898633833059 0.997543259872869
1.99898633833059 0.997543259872869
1.99635219494777 1.00033011827072
1.99635219494777 1.00033011827072
1.99635219494777 1.00033011827072
1.99635219494777 1.00033011827072
1.99635219494777 1.00033011827072
1.99635219494777 1.00033011827072
1.99635219494777 1.00060467310895
1.99635219494777 1.00060467310895
1.99635219494777 1.00060467310895
1.99635219494777 1.00060467310895
1.99635219494777 1.00060467310895
1.99635219494777 1.00060467310895
2.00095950815233 0.99679396868471
2.00095950815233 0.99679396868471
1.9966093400634 1.00366487804623
1.9966093400634 1.00366487804623
1.9966093400634 1.00366487804623
1.9966093400634 1.00366487804623
1.9966093400634 1.00366487804623
2.00095950815233 0.99679396868471
2.00095950815233 0.99679396868471
1.9966093400634 1.00198127345405
1.9966093400634 1.00198127345405
1.9966093400634 1.00198127345405
1.9966093400634 1.00198127345405
1.9966093400634 1.00198127345405
1.9966093400634 1.00198127345405
1.9966093400634 1.00198127345405
1.99531176163361 1.0027191544481
1.99531176163361 1.0027191544481
1.99898633833059 1.00106123161315
1.99898633833059 1.00106123161315
1.99898633833059 1.00106123161315
2.00095950815233 0.99679396868471
2.00095950815233 0.99679396868471
2.00095950815233 0.99679396868471
2.00095950815233 0.99679396868471
2.00095950815233 0.99679396868471
1.99418021332069 1.00366487804623
1.99418021332069 1.00366487804623
2.00113931486705 0.996840098653778
2.00113931486705 0.996840098653778
2.00113931486705 0.996840098653778
2.00113931486705 0.996840098653778
2.00113931486705 0.996840098653778
2.00113931486705 0.996840098653778
2.00113931486705 0.996840098653778
1.99578979027258 1.00538061580377
2.00113931486705 0.996840098653778
2.00114440205041 0.997543259872869
2.00114440205041 0.997543259872869
2.00114440205041 0.997543259872869
2.00114440205041 0.997543259872869
1.99898633833059 1.00106123161315
1.99898633833059 1.00106123161315
1.99635219494777 1.00226860949291
1.99635219494777 1.00226860949291
1.99898633833059 1.00106123161315
1.99635219494777 1.00226860949291
1.99840436944675 1.00033011827072
1.99840436944675 1.00033011827072
1.99840436944675 1.00033011827072
1.99898633833059 1.00106123161315
2.00095950815233 0.99679396868471
1.99898633833059 1.00106123161315
2.00113931486705 0.996840098653778
1.99840436944675 1.00198127345405
1.99840436944675 1.00198127345405
1.99531176163361 1.00421949684055
1.99531176163361 1.00106123161315
1.99531176163361 1.00106123161315
2.00113931486705 0.996840098653778
1.99392965640315 1.00213515192783
1.99531176163361 1.00106123161315
1.99531176163361 1.00106123161315
1.99840436944675 1.00198127345405
1.99531176163361 1.00106123161315
1.9949822239392 1.00366487804623
1.9949822239392 1.00366487804623
2.00113931486705 0.996840098653778
1.99531176163361 1.00106123161315
1.99692411930237 1.00421949684055
1.99635219494777 1.00033011827072
1.99635219494777 1.00033011827072
1.99635219494777 1.00033011827072
1.99772315292901 1.00226860949291
1.99635219494777 1.00033011827072
1.99635219494777 1.00033011827072
1.99772315292901 1.00226860949291
1.99632117881541 1.00351865529123
1.99632117881541 1.00351865529123
1.99632117881541 1.00351865529123
1.99632117881541 1.00351865529123
1.99635219494777 1.00106123161315
1.99635219494777 1.00106123161315
1.99635219494777 1.00106123161315
1.99635219494777 1.00106123161315
1.99635219494777 1.00106123161315
1.99635219494777 1.00106123161315
1.99635219494777 1.00106123161315
1.99635219494777 1.00106123161315
1.99635219494777 1.00106123161315
1.99635219494777 1.00106123161315
1.99635219494777 1.00106123161315
1.99635219494777 1.00106123161315
1.99635219494777 1.00106123161315
1.99635219494777 1.00106123161315
1.99635219494777 1.00106123161315
1.99635219494777 1.00106123161315
1.99635219494777 1.00106123161315
1.99898633833059 0.993733637604758
1.99898633833059 1.00198127345405
1.99635219494777 1.00106123161315
1.99635219494777 1.00106123161315
1.99635219494777 1.00106123161315
1.99635219494777 1.00106123161315
1.99635219494777 1.00106123161315
1.99635219494777 1.00106123161315
1.99849297822786 1.00213515192783
2.00095950815233 0.996840098653778
1.99849297822786 1.00213515192783
1.99849297822786 1.00213515192783
2.00095950815233 0.996840098653778
2.00095950815233 0.996840098653778
2.00095950815233 0.996840098653778
2.00095950815233 0.996840098653778
1.99849297822786 1.00213515192783
1.99849297822786 1.00213515192783
1.99531176163361 1.00351865529123
1.99531176163361 1.00198127345405
1.99531176163361 1.00198127345405
1.99531176163361 1.00198127345405
1.99531176163361 1.00198127345405
1.99531176163361 1.00198127345405
1.99531176163361 1.00213515192783
1.99531176163361 1.00198127345405
1.99531176163361 1.00198127345405
1.99531176163361 1.00198127345405
1.99531176163361 1.00198127345405
1.99531176163361 1.00198127345405
1.99531176163361 1.00198127345405
1.99531176163361 1.00198127345405
1.99531176163361 1.00198127345405
1.99531176163361 1.00198127345405
1.99531176163361 1.00198127345405
1.99531176163361 1.00198127345405
1.99531176163361 1.00033011827072
1.99531176163361 1.00033011827072
1.99531176163361 1.00033011827072
1.99531176163361 1.00033011827072
1.99898633833059 1.0027191544481
1.99531176163361 1.00421949684055
1.99632117881541 1.00060467310895
1.99840436944675 0.997543259872869
1.99840436944675 0.997543259872869
1.99840436944675 0.997543259872869
1.99840436944675 0.997543259872869
1.99840436944675 0.997543259872869
1.99840436944675 0.997543259872869
1.99531176163361 1.00366487804623
1.99840436944675 0.997543259872869
1.99840436944675 0.999713081570816
1.99840436944675 0.999713081570816
1.99840436944675 0.999713081570816
1.99840436944675 0.999713081570816
1.99840436944675 0.999713081570816
1.99840436944675 0.999713081570816
1.99840436944675 0.999713081570816
1.99840436944675 0.999713081570816
1.99840436944675 0.999713081570816
1.99840436944675 0.999713081570816
1.99840436944675 0.999713081570816
1.99840436944675 0.999713081570816
1.99840436944675 0.999713081570816
1.99840436944675 0.999713081570816
1.99840436944675 0.999713081570816
1.99840436944675 0.999713081570816
1.99840436944675 0.999713081570816
1.99840436944675 0.999713081570816
1.99898633833059 0.997543259872869
1.99898633833059 0.997543259872869
1.99840436944675 0.999713081570816
1.99898633833059 0.997543259872869
1.99840436944675 0.999713081570816
1.99840436944675 0.999713081570816
1.99840436944675 0.999713081570816
1.99840436944675 0.999713081570816
1.99578979027258 1.00106123161315
1.99840436944675 0.999713081570816
1.99840436944675 0.999713081570816
1.99840436944675 0.999713081570816
1.99840436944675 0.999713081570816
1.99840436944675 0.999713081570816
1.99840436944675 0.999713081570816
1.99898633833059 0.997543259872869
1.99840436944675 0.999713081570816
1.99840436944675 0.999713081570816
1.99692411930237 1.00041867815651
1.99692411930237 1.00041867815651
1.99692411930237 1.00041867815651
1.99898633833059 0.997543259872869
1.99898633833059 0.997543259872869
1.99692411930237 1.00041867815651
1.99840436944675 0.997543259872869
1.99840436944675 0.997543259872869
1.99840436944675 0.997543259872869
1.99840436944675 0.997543259872869
1.99840436944675 0.997543259872869
1.99840436944675 0.997543259872869
1.99840436944675 0.997543259872869
1.99840436944675 0.997543259872869
1.99840436944675 0.997543259872869
1.99898633833059 0.999713081570816
1.99531176163361 1.00033011827072
1.99898633833059 0.999713081570816
1.99898633833059 0.999713081570816
1.99898633833059 0.999713081570816
1.99531176163361 1.00033011827072
1.99898633833059 0.999713081570816
1.99898633833059 0.999713081570816
1.99898633833059 0.999713081570816
1.99898633833059 0.999713081570816
1.99898633833059 0.999713081570816
1.99898633833059 0.999713081570816
1.99692411930237 1.00106123161315
1.99692411930237 1.00106123161315
1.99531176163361 1.00406053396493
1.99531176163361 1.00406053396493
1.99692411930237 1.00106123161315
1.99898633833059 0.999713081570816
1.99898633833059 0.999713081570816
1.99692411930237 1.00106123161315
1.99692411930237 1.00106123161315
1.99692411930237 1.00106123161315
1.99692411930237 1.00106123161315
1.99692411930237 1.00106123161315
1.99692411930237 1.00106123161315
1.99692411930237 1.00106123161315
1.99692411930237 1.00106123161315
1.99692411930237 1.00106123161315
1.99692411930237 1.00106123161315
1.99692411930237 1.00106123161315
1.99692411930237 1.00106123161315
1.99692411930237 1.00106123161315
1.99692411930237 1.00106123161315
1.99692411930237 1.00106123161315
1.99692411930237 1.00106123161315
1.99692411930237 1.00106123161315
1.99531176163361 1.00406053396493
1.99531176163361 1.00406053396493
1.99531176163361 1.00406053396493
2.00137025570673 0.997543259872869
2.00137025570673 0.997543259872869
1.99531176163361 1.00406053396493
1.99531176163361 1.00406053396493
1.99578979027258 1.00366487804623
1.9949822239392 1.00312349171471
1.99531176163361 1.00406053396493
1.99531176163361 1.00406053396493
1.99531176163361 1.00406053396493
1.99531176163361 1.00060467310895
1.99496945331947 1.00406053396493
1.99531176163361 1.00060467310895
1.99840436944675 1.0027191544481
1.99531176163361 1.00060467310895
1.99531176163361 1.00060467310895
1.99840436944675 1.0027191544481
1.99840436944675 1.0027191544481
1.99840436944675 1.0027191544481
1.9966093400634 1.00033011827072
1.9966093400634 1.00033011827072
1.9966093400634 1.00033011827072
1.9966093400634 1.00033011827072
1.9966093400634 1.00033011827072
1.9966093400634 1.00033011827072
1.9966093400634 1.00033011827072
1.9966093400634 1.00033011827072
1.9966093400634 1.00033011827072
1.9966093400634 1.00033011827072
1.9966093400634 1.00033011827072
1.9966093400634 1.00033011827072
1.9966093400634 1.00033011827072
1.9966093400634 1.00033011827072
1.9966093400634 1.00033011827072
1.9966093400634 1.00033011827072
1.9966093400634 1.00033011827072
1.9966093400634 1.00033011827072
1.9966093400634 1.00033011827072
1.99840436944675 0.996840098653778
1.99840436944675 0.996840098653778
1.99840436944675 0.996840098653778
1.99840436944675 0.996840098653778
1.99840436944675 0.996840098653778
1.99840436944675 0.996840098653778
1.99840436944675 0.996840098653778
1.99840436944675 0.996840098653778
1.99840436944675 0.996840098653778
1.99840436944675 0.996840098653778
1.99840436944675 0.996840098653778
1.99840436944675 0.996840098653778
1.99840436944675 0.996840098653778
1.99840436944675 0.996840098653778
1.99840436944675 0.996840098653778
1.99840436944675 0.996840098653778
1.99840436944675 0.996840098653778
1.99840436944675 0.996840098653778
1.99840436944675 0.996840098653778
1.99840436944675 0.996840098653778
1.99840436944675 0.996840098653778
1.99840436944675 0.996840098653778
1.99840436944675 0.996840098653778
1.99840436944675 0.996840098653778
1.99840436944675 0.996840098653778
1.99840436944675 0.996840098653778
1.99840436944675 0.996840098653778
1.99496945331947 1.00406053396493
1.99496945331947 1.00406053396493
1.99496945331947 1.00406053396493
1.99496945331947 1.00406053396493
1.99635219494777 1.00106123161315
1.99840436944675 0.996840098653778
1.99840436944675 0.996840098653778
1.99840436944675 0.996840098653778
1.99840436944675 0.996840098653778
1.99840436944675 1.00033011827072
1.99840436944675 1.00033011827072
1.99840436944675 1.00033011827072
1.99893470373022 1.00226860949291
1.99840436944675 1.00033011827072
1.99840436944675 1.00033011827072
1.99840436944675 1.00033011827072
1.99840436944675 1.00033011827072
1.99840436944675 1.00033011827072
1.99840436944675 1.00033011827072
1.99840436944675 1.00033011827072
1.99840436944675 1.00033011827072
1.99840436944675 1.00033011827072
1.99692411930237 0.998841695521461
1.99840436944675 1.00033011827072
1.99692411930237 0.998841695521461
1.99692411930237 0.998841695521461
1.99840436944675 1.00033011827072
1.99840436944675 1.00033011827072
1.99692411930237 0.998841695521461
1.99692411930237 0.998841695521461
1.99692411930237 1.00226860949291
1.99692411930237 1.00226860949291
1.99692411930237 1.00226860949291
1.99692411930237 1.00226860949291
1.99692411930237 1.00226860949291
1.99692411930237 1.00106123161315
1.99898633833059 1.00033011827072
1.99692411930237 1.00106123161315
1.9949822239392 1.00366487804623
1.99692411930237 1.00106123161315
1.99692411930237 1.00106123161315
1.99692411930237 1.00106123161315
1.99840436944675 0.997543259872869
1.99840436944675 0.997543259872869
1.99840436944675 0.997543259872869
1.99692411930237 1.00106123161315
1.99692411930237 1.00106123161315
1.99692411930237 1.00106123161315
1.99692411930237 1.00106123161315
1.99692411930237 1.00106123161315
1.99692411930237 1.00106123161315
1.99692411930237 1.00106123161315
1.99692411930237 1.00106123161315
1.99511247756602 1.00033011827072
1.99511247756602 1.00033011827072
1.99392965640315 1.00490535884737
1.99392965640315 1.00490535884737
1.9966093400634 1.00366487804623
1.99692411930237 1.00106123161315
1.99692411930237 1.00106123161315
1.9966093400634 1.00366487804623
1.99692411930237 1.00106123161315
1.99692411930237 1.00106123161315
1.99692411930237 1.00106123161315
1.99692411930237 1.00106123161315
1.99692411930237 1.00106123161315
1.99692411930237 1.00106123161315
1.99692411930237 1.00106123161315
1.99692411930237 1.00106123161315
1.99692411930237 1.00106123161315
1.99692411930237 1.00106123161315
1.99692411930237 1.00106123161315
1.99692411930237 1.00106123161315
1.99692411930237 1.00106123161315
1.99692411930237 1.00106123161315
1.99692411930237 1.00106123161315
1.99692411930237 1.00106123161315
1.99692411930237 1.00106123161315
1.99692411930237 1.00106123161315
1.99692411930237 1.00106123161315
1.99692411930237 1.00106123161315
2.00095950815233 0.99504022486004
1.99692411930237 1.00106123161315
1.99692411930237 1.00106123161315
1.99692411930237 1.00106123161315
2.00095950815233 0.99504022486004
2.00095950815233 0.99504022486004
2.00095950815233 0.99504022486004
2.00095950815233 0.99504022486004
2.00095950815233 0.99504022486004
2.00095950815233 0.99504022486004
2.00095950815233 0.99504022486004
1.99511247756602 1.00366487804623
1.9949822239392 1.00406053396493
1.9949822239392 1.00406053396493
1.99511247756602 1.00366487804623
1.9949822239392 1.00406053396493
1.9949822239392 1.00406053396493
1.99958182322613 0.995076234146205
1.99958182322613 0.995076234146205
1.9949822239392 1.00406053396493
1.99958182322613 0.995076234146205
1.99511247756602 0.998841695521461
1.99958182322613 0.995076234146205
1.99511247756602 0.998841695521461
1.99958182322613 0.995076234146205
1.99958182322613 0.995076234146205
1.99481391126982 1.00364197296857
1.99481391126982 1.00364197296857
1.99511247756602 0.998841695521461
1.99958182322613 0.995076234146205
1.99958182322613 0.995076234146205
1.99958182322613 0.995076234146205
2.00095950815233 0.99504022486004
1.99958182322613 0.995076234146205
1.99958182322613 0.995076234146205
1.99958182322613 0.995076234146205
1.99958182322613 0.995076234146205
1.99481391126982 1.00364197296857
2.00054749473835 0.996844163436858
2.00054749473835 0.996844163436858
2.00054749473835 0.996844163436858
1.99958182322613 0.995076234146205
1.99958182322613 0.995076234146205
1.99511247756602 1.00503080499042
2.00054749473835 0.996844163436858
2.00054749473835 0.996844163436858
2.00054749473835 0.996844163436858
2.00054749473835 0.996844163436858
2.00054749473835 0.996844163436858
1.99496945331947 1.00530666592082
2.00054749473835 0.996844163436858
1.99496945331947 1.00530666592082
1.99511247756602 1.00106123161315
1.99511247756602 1.00106123161315
1.99511247756602 1.00106123161315
2.00054749473835 0.996844163436858
1.99511247756602 1.00106123161315
2.00054749473835 0.996844163436858
2.00054749473835 0.997019968608924
1.9949822239392 1.00366487804623
1.9949822239392 1.00366487804623
1.9949822239392 1.00366487804623
1.99958182322613 0.995076234146205
1.9949822239392 1.00366487804623
1.9949822239392 1.00366487804623
1.9949822239392 1.00366487804623
1.99958182322613 0.995076234146205
1.99958182322613 0.995076234146205
1.99958182322613 0.995076234146205
1.99958182322613 0.995076234146205
1.99958182322613 0.995076234146205
1.99692411930237 1.00364197296857
1.99692411930237 1.00364197296857
1.99692411930237 1.00364197296857
1.99692411930237 1.00364197296857
1.99692411930237 1.00364197296857
1.99958182322613 0.995076234146205
1.99958182322613 0.995076234146205
1.99958182322613 0.995076234146205
1.99776659361736 0.997950520801204
1.99776659361736 0.997950520801204
1.99776659361736 0.997950520801204
1.99776659361736 0.997950520801204
1.99776659361736 0.997950520801204
1.99776659361736 0.997950520801204
1.99776659361736 0.997950520801204
1.99776659361736 0.997950520801204
1.99776659361736 0.997950520801204
1.99776659361736 0.997950520801204
1.99776659361736 0.997950520801204
1.99692411930237 1.00364197296857
1.99692411930237 1.00364197296857
1.99511247756602 1.00530666592082
1.99692411930237 1.00364197296857
1.99511247756602 1.00530666592082
1.99692411930237 1.00364197296857
1.99776659361736 0.997950520801204
1.99776659361736 0.997950520801204
1.99776659361736 0.997950520801204
1.99776659361736 0.997950520801204
1.99776659361736 0.997950520801204
1.99776659361736 0.997950520801204
1.99840436944675 0.997543259872869
1.99776659361736 0.997950520801204
1.99776659361736 0.997950520801204
1.99840436944675 0.997543259872869
1.99840436944675 0.997543259872869
1.99776659361736 0.997950520801204
1.99776659361736 0.997950520801204
1.99776659361736 0.997950520801204
1.99776659361736 0.997950520801204
1.99776659361736 0.997950520801204
1.99776659361736 0.997950520801204
1.99776659361736 0.997950520801204
1.99776659361736 0.997950520801204
1.99776659361736 0.997950520801204
1.99776659361736 0.997950520801204
1.99776659361736 0.997950520801204
1.99776659361736 0.997950520801204
1.99776659361736 0.997950520801204
1.99776659361736 0.997950520801204
1.99776659361736 0.997950520801204
1.99776659361736 0.997950520801204
1.99776659361736 0.997950520801204
1.99776659361736 0.997950520801204
1.99776659361736 0.997950520801204
1.99635219494777 1.00060467310895
1.99635219494777 1.00060467310895
1.99528829156465 1.00421949684055
1.99635219494777 1.00060467310895
1.99635219494777 1.00060467310895
1.99776659361736 0.997950520801204
1.99776659361736 0.997950520801204
1.99776659361736 0.997950520801204
1.99776659361736 0.997950520801204
1.99776659361736 0.997950520801204
1.99776659361736 0.997950520801204
1.99776659361736 0.997950520801204
1.99776659361736 0.997950520801204
1.99776659361736 0.997950520801204
1.99776659361736 0.997950520801204
1.99776659361736 0.997950520801204
1.99776659361736 0.997950520801204
1.9966093400634 1.00060467310895
1.9966093400634 1.00060467310895
1.9966093400634 1.00060467310895
1.9966093400634 1.00060467310895
1.9966093400634 1.00060467310895
1.9966093400634 1.00060467310895
1.9966093400634 1.00060467310895
1.9966093400634 1.00060467310895
1.9966093400634 1.00060467310895
1.9966093400634 1.00060467310895
1.9966093400634 1.00060467310895
1.9966093400634 1.00060467310895
1.99481391126982 1.00421949684055
1.99849297822786 0.996645190288869
1.99849297822786 0.996645190288869
1.99849297822786 0.996645190288869
1.99849297822786 0.996645190288869
1.99849297822786 0.996645190288869
1.99849297822786 0.996645190288869
1.99849297822786 0.996645190288869
1.99849297822786 0.996645190288869
1.99849297822786 0.996645190288869
1.99849297822786 0.996645190288869
1.99849297822786 0.996645190288869
1.99849297822786 0.996645190288869
1.99849297822786 0.996645190288869
1.99849297822786 0.996645190288869
1.99849297822786 0.996645190288869
1.99848876495755 0.999420614617833
1.99848876495755 0.999420614617833
1.99848876495755 0.999420614617833
1.99848876495755 0.999420614617833
1.99848876495755 0.999420614617833
1.99848876495755 0.999420614617833
1.99848876495755 0.999420614617833
1.99848876495755 0.999420614617833
1.99848876495755 0.999420614617833
1.99849297822786 0.996645190288869
1.99849297822786 0.996645190288869
1.99849297822786 0.996645190288869
1.99849297822786 0.996645190288869
1.99849297822786 0.996645190288869
1.99849297822786 0.996645190288869
1.99848876495755 0.997950520801204
1.99848876495755 0.997950520801204
1.99848876495755 0.997950520801204
1.99848876495755 0.997950520801204
1.99848876495755 0.997950520801204
1.99848876495755 0.997950520801204
1.99848876495755 0.997950520801204
1.99848876495755 0.997950520801204
1.99848876495755 0.997950520801204
1.99848876495755 0.997950520801204
1.99848876495755 0.997950520801204
1.99848876495755 0.997950520801204
1.99848876495755 0.997543259872869
1.99848876495755 0.997543259872869
2.00137025570673 0.995076234146205
1.99848876495755 0.997543259872869
1.99635219494777 1.00406053396493
2.00137025570673 0.995076234146205
2.00137025570673 0.995076234146205
2.00137025570673 0.995076234146205
2.00137025570673 0.995076234146205
1.99635219494777 1.00406053396493
1.99635219494777 1.00406053396493
2.00137025570673 0.995076234146205
2.00137025570673 0.995076234146205
1.99635219494777 1.00406053396493
1.99635219494777 1.00406053396493
1.99635219494777 1.00406053396493
1.99481391126982 1.00503080499042
1.99481391126982 1.00503080499042
1.99481391126982 1.00503080499042
1.99849297822786 0.99895778019881
1.99849297822786 0.99895778019881
1.99849297822786 0.99895778019881
1.99849297822786 0.99895778019881
1.99849297822786 0.99895778019881
1.99849297822786 0.99895778019881
1.99849297822786 0.99895778019881
1.99849297822786 0.99895778019881
1.99849297822786 0.99895778019881
1.99849297822786 0.99895778019881
1.99481391126982 1.00503080499042
1.99481391126982 1.00503080499042
1.99635219494777 0.998475875858843
1.99635219494777 0.998475875858843
1.99635219494777 0.998475875858843
1.99481391126982 1.00364197296857
1.99481391126982 1.00364197296857
1.99481391126982 1.00364197296857
1.99635219494777 0.998475875858843
1.99635219494777 0.998475875858843
1.99635219494777 0.998475875858843
1.99635219494777 0.998475875858843
1.99481391126982 1.00421949684055
2.00137025570673 0.995423917306984
2.00137025570673 0.995423917306984
2.00137025570673 0.995423917306984
2.00137025570673 0.995423917306984
2.00137025570673 0.995423917306984
2.00137025570673 0.995423917306984
1.9966093400634 0.997917800120812
1.99496945331947 0.998596419088389
1.9966093400634 0.997917800120812
1.9966093400634 0.997917800120812
1.9966093400634 0.997917800120812
1.9966093400634 0.997917800120812
1.9966093400634 0.997917800120812
1.9966093400634 0.997917800120812
1.99898633833059 1.00027759530047
1.99898633833059 1.00027759530047
1.9966093400634 1.00027759530047
1.9966093400634 1.00027759530047
1.9966093400634 1.00027759530047
1.9966093400634 1.00106123161315
1.9966093400634 1.00106123161315
1.9966093400634 1.00106123161315
1.9966093400634 1.00106123161315
1.99898633833059 0.997917800120812
1.99898633833059 0.997917800120812
1.99898633833059 0.997917800120812
1.99898633833059 0.997950520801204
1.99840436944675 0.998475875858843
1.99840436944675 0.998475875858843
1.99840436944675 0.998475875858843
1.99898633833059 0.997950520801204
1.99898633833059 0.998596419088389
1.99898633833059 0.998475875858843
1.99898633833059 0.998475875858843
1.99898633833059 0.998475875858843
1.99898633833059 0.998475875858843
1.99898633833059 0.998475875858843
1.99898633833059 0.998475875858843
1.99898633833059 0.998475875858843
1.99898633833059 0.998475875858843
1.99849297822786 1.00158041174499
1.99898633833059 0.998475875858843
1.99898633833059 0.998475875858843
1.99898633833059 0.998475875858843
1.99898633833059 0.998475875858843
1.99898633833059 0.998475875858843
1.99898633833059 0.998475875858843
1.99898633833059 0.998475875858843
2.00113931486705 0.99895778019881
2.00113931486705 0.99895778019881
2.00113931486705 0.99895778019881
2.00113931486705 0.99895778019881
2.00113931486705 0.99895778019881
1.99898633833059 0.998475875858843
1.99898633833059 0.998475875858843
1.99898633833059 0.998475875858843
1.99898633833059 0.998475875858843
1.99898633833059 0.998475875858843
1.99898633833059 0.998475875858843
1.99898633833059 0.998475875858843
1.99898633833059 0.998475875858843
1.99898633833059 0.998475875858843
1.99898633833059 0.998475875858843
1.99898633833059 0.998475875858843
1.99898633833059 0.998475875858843
1.99898633833059 0.998475875858843
1.99898633833059 0.998475875858843
1.99898633833059 0.998475875858843
1.99898633833059 0.998475875858843
1.99898633833059 0.998475875858843
1.99898633833059 0.998475875858843
1.99898633833059 0.998475875858843
1.99840436944675 0.997950520801204
1.99848876495755 0.996327065038572
1.99840436944675 0.997950520801204
1.99840436944675 0.997950520801204
1.99840436944675 0.997950520801204
1.99840436944675 0.997950520801204
1.99840436944675 0.997950520801204
1.99840436944675 0.997950520801204
1.99826240932289 0.997917800120812
1.99826240932289 0.997917800120812
1.99840436944675 0.997950520801204
1.99840436944675 0.997950520801204
1.99840436944675 0.997950520801204
1.99840436944675 0.997950520801204
1.99840436944675 0.997950520801204
1.99840436944675 0.997950520801204
1.99840436944675 0.997950520801204
1.99840436944675 0.997950520801204
1.99840436944675 0.997950520801204
1.99840436944675 0.997950520801204
1.99840436944675 0.997950520801204
1.99840436944675 0.997950520801204
1.99840436944675 0.997950520801204
1.99840436944675 0.997950520801204
1.99840436944675 0.997950520801204
1.99840436944675 0.997950520801204
1.99840436944675 0.997950520801204
1.99849297822786 1.00106123161315
1.99849297822786 0.997917800120812
1.99958182322613 0.99895778019881
1.99826240932289 1.00106123161315
1.99958182322613 0.99895778019881
1.99826240932289 1.00106123161315
1.99826240932289 1.00106123161315
1.99826240932289 1.00106123161315
1.99826240932289 1.00106123161315
1.99958182322613 0.99895778019881
1.99958182322613 0.99895778019881
1.99826240932289 1.00106123161315
1.99826240932289 1.00106123161315
1.99840436944675 0.997950520801204
1.99958182322613 0.99895778019881
1.99958182322613 0.99895778019881
1.99958182322613 0.99895778019881
1.99958182322613 0.99895778019881
1.99826240932289 1.00106123161315
1.99826240932289 1.00106123161315
1.99826240932289 1.00106123161315
1.99826240932289 1.00106123161315
1.99826240932289 1.00106123161315
1.99826240932289 1.00106123161315
1.99826240932289 1.00106123161315
1.99848876495755 0.998475875858843
1.99848876495755 0.998475875858843
1.99848876495755 0.998475875858843
1.99848876495755 0.998475875858843
1.99848876495755 0.998475875858843
1.99826240932289 0.997917800120812
1.99848876495755 0.999592993500533
1.99848876495755 0.999592993500533
1.99848876495755 0.999592993500533
1.99635219494777 1.00027759530047
1.99635219494777 1.00027759530047
1.99635219494777 1.00027759530047
1.99635219494777 1.00027759530047
1.99635219494777 1.00027759530047
1.99635219494777 1.00027759530047
1.99635219494777 1.00027759530047
1.99635219494777 1.00027759530047
1.99826240932289 1.00158041174499
1.99826240932289 1.00116310434516
1.99848876495755 0.997543259872869
1.99826240932289 1.00116310434516
1.99848876495755 0.997543259872869
1.99848876495755 0.997543259872869
1.99848876495755 0.997543259872869
1.99776659361736 1.00106123161315
1.99776659361736 1.00106123161315
1.99776659361736 1.00106123161315
1.99776659361736 1.00106123161315
1.99776659361736 1.00106123161315
1.99776659361736 1.00106123161315
1.99848876495755 0.996428256377313
1.99848876495755 0.996428256377313
1.9966093400634 1.00027759530047
1.99826240932289 1.00116310434516
1.99826240932289 1.00116310434516
1.99826240932289 0.999592993500533
1.99826240932289 0.999592993500533
1.99826240932289 0.999592993500533
1.9966093400634 1.00027759530047
1.9966093400634 1.00027759530047
1.99826240932289 0.999592993500533
1.99496945331947 1.00106123161315
1.99496945331947 1.00106123161315
1.99496945331947 1.00106123161315
1.99826240932289 0.999592993500533
1.9966093400634 1.00027759530047
1.9966093400634 1.00027759530047
1.99840436944675 0.99895778019881
1.9966093400634 1.00027759530047
1.9966093400634 1.00027759530047
1.9966093400634 1.00027759530047
1.9966093400634 1.00027759530047
1.9966093400634 1.00027759530047
1.99635219494777 1.00116310434516
1.9966093400634 1.00027759530047
1.99776659361736 0.997917800120812
1.99776659361736 0.997917800120812
1.99776659361736 0.997917800120812
1.99849297822786 0.996428256377313
1.9966093400634 1.00027759530047
1.99776659361736 0.997917800120812
1.99898633833059 0.998475875858843
1.99898633833059 0.998475875858843
1.99898633833059 0.998475875858843
1.99849297822786 0.996428256377313
1.99849297822786 1.00116310434516
1.99898633833059 0.998475875858843
1.99898633833059 0.998475875858843
1.99898633833059 0.998475875858843
1.99898633833059 0.998475875858843
1.99898633833059 0.998475875858843
1.99898633833059 0.998475875858843
1.99898633833059 0.998475875858843
1.99898633833059 0.998475875858843
1.99898633833059 0.998475875858843
1.99898633833059 0.998475875858843
1.99898633833059 0.998475875858843
1.99898633833059 0.998475875858843
1.99898633833059 0.998475875858843
1.99898633833059 0.998475875858843
1.99898633833059 0.998475875858843
1.99898633833059 0.998475875858843
1.99898633833059 0.998475875858843
1.99898633833059 0.998475875858843
1.99898633833059 0.998475875858843
1.99898633833059 0.998475875858843
1.99898633833059 0.998475875858843
1.99898633833059 0.998475875858843
1.99898633833059 0.998475875858843
1.99898633833059 0.998475875858843
1.99898633833059 0.998475875858843
1.99692411930237 1.00158041174499
1.99692411930237 1.00158041174499
1.99692411930237 1.00158041174499
1.99692411930237 1.00158041174499
1.99898633833059 0.998475875858843
1.99898633833059 0.998475875858843
1.99898633833059 0.998475875858843
1.99826240932289 1.00158041174499
1.99898633833059 0.998475875858843
