"V1" "V2"
3.5 3.5
3.5 3.5
3.5 3.5
2.05481455412652 1.61937749140567
1.85450887656771 1.33427634253167
1.85450887656771 1.33427634253167
2.15946979482836 0.701456161900136
2.15946979482836 0.701456161900136
2.15946979482836 0.701456161900136
2.15946979482836 0.701456161900136
2.15946979482836 0.701456161900136
2.07052034013457 0.875151523164134
2.07052034013457 0.875151523164134
2.07052034013457 0.875151523164134
2.07052034013457 0.875151523164134
2.07052034013457 0.875151523164134
2.07052034013457 0.875151523164134
2.07052034013457 0.875151523164134
2.07052034013457 0.875151523164134
2.07052034013457 0.875151523164134
2.07052034013457 0.875151523164134
2.07052034013457 0.875151523164134
2.07052034013457 0.875151523164134
1.99445335984952 0.95861366032988
1.99445335984952 0.95861366032988
1.99445335984952 0.95861366032988
1.99445335984952 0.95861366032988
1.99445335984952 0.95861366032988
1.99445335984952 0.95861366032988
1.99445335984952 0.95861366032988
1.99445335984952 0.95861366032988
1.99445335984952 0.95861366032988
1.99445335984952 0.95861366032988
1.99445335984952 0.95861366032988
1.99445335984952 0.95861366032988
1.99445335984952 0.95861366032988
1.99445335984952 0.95861366032988
1.99445335984952 0.95861366032988
1.99445335984952 0.95861366032988
1.97162146196083 1.04901869038164
1.97162146196083 1.04901869038164
1.97162146196083 1.04901869038164
1.97162146196083 1.04901869038164
1.97162146196083 1.04901869038164
1.97162146196083 1.04901869038164
1.97162146196083 1.04901869038164
1.97162146196083 1.04901869038164
1.97162146196083 1.04901869038164
1.97162146196083 1.04901869038164
1.97162146196083 1.04901869038164
1.97162146196083 1.04901869038164
1.97162146196083 1.04901869038164
1.97162146196083 1.04901869038164
1.97162146196083 1.04901869038164
1.97162146196083 1.04901869038164
1.97162146196083 1.04901869038164
1.97162146196083 1.04901869038164
1.97162146196083 1.04901869038164
1.96395326547691 1.04259865364704
1.97162146196083 1.04901869038164
1.97162146196083 1.04901869038164
1.97162146196083 1.04901869038164
1.97162146196083 1.04901869038164
1.97162146196083 1.04901869038164
1.97162146196083 1.04901869038164
1.97162146196083 1.04901869038164
1.97162146196083 1.04901869038164
1.97162146196083 1.04901869038164
1.97162146196083 1.04901869038164
1.97162146196083 1.04901869038164
1.97162146196083 1.04901869038164
1.97162146196083 1.04901869038164
1.97162146196083 1.04901869038164
1.97162146196083 1.04901869038164
1.97162146196083 1.04901869038164
1.97162146196083 1.04901869038164
1.97162146196083 1.04901869038164
1.97871434358695 1.04259865364704
1.97871434358695 1.04259865364704
1.97871434358695 1.04259865364704
1.97871434358695 1.04259865364704
1.97871434358695 1.04259865364704
1.97871434358695 1.04259865364704
1.98704051843058 0.996213028600817
1.98704051843058 0.996213028600817
1.98704051843058 0.996213028600817
1.98704051843058 0.996213028600817
1.98704051843058 0.996213028600817
1.98704051843058 0.996213028600817
1.98600346936892 1.01653449331254
1.98600346936892 1.01653449331254
1.98600346936892 1.01653449331254
1.98600346936892 1.01653449331254
1.98600346936892 1.01653449331254
1.98600346936892 1.01653449331254
1.98600346936892 1.01653449331254
1.98600346936892 1.01653449331254
1.98600346936892 1.01653449331254
1.98600346936892 1.01653449331254
1.98600346936892 1.01653449331254
1.98600346936892 1.01653449331254
1.98600346936892 1.01653449331254
1.98600346936892 1.01653449331254
1.98600346936892 1.01653449331254
1.98600346936892 1.01653449331254
1.98600346936892 1.01653449331254
1.98600346936892 1.01653449331254
1.98600346936892 1.01653449331254
1.98600346936892 1.01653449331254
1.98600346936892 1.01653449331254
1.98600346936892 1.01653449331254
1.98600346936892 1.01653449331254
1.98600346936892 1.01653449331254
1.98600346936892 1.01653449331254
1.98600346936892 1.01653449331254
1.98600346936892 1.01653449331254
1.98600346936892 1.01653449331254
1.98600346936892 1.01653449331254
1.98600346936892 1.01653449331254
1.98600346936892 1.01653449331254
1.98600346936892 1.01653449331254
1.98600346936892 1.01653449331254
1.98600346936892 1.01653449331254
1.98600346936892 1.01653449331254
1.98600346936892 1.01653449331254
1.98600346936892 1.01653449331254
1.98600346936892 1.01653449331254
1.99474169675568 0.995401971419753
1.99474169675568 0.995401971419753
1.99474169675568 0.995401971419753
1.99474169675568 0.995401971419753
1.99474169675568 0.995401971419753
1.99474169675568 0.995401971419753
1.99474169675568 0.995401971419753
1.99474169675568 0.995401971419753
1.99474169675568 0.995401971419753
1.99474169675568 0.995401971419753
1.99474169675568 0.995401971419753
1.99474169675568 0.995401971419753
1.99474169675568 0.995401971419753
1.99474169675568 0.995401971419753
1.99474169675568 0.995401971419753
1.99474169675568 0.995401971419753
1.99474169675568 0.995401971419753
1.99474169675568 0.995401971419753
1.99474169675568 0.995401971419753
1.99474169675568 1.00969491973749
1.99474169675568 1.00969491973749
1.99474169675568 1.00969491973749
1.99474169675568 1.00969491973749
1.99474169675568 1.00969491973749
1.98600346936892 1.01423819994965
1.98600346936892 1.01423819994965
1.99474169675568 1.00969491973749
1.99474169675568 1.00969491973749
1.99474169675568 1.00969491973749
1.98600346936892 1.01653449331254
1.99474169675568 1.00969491973749
1.99474169675568 1.00969491973749
1.99474169675568 1.00969491973749
1.99474169675568 1.00969491973749
1.99474169675568 1.00969491973749
1.99474169675568 1.00969491973749
1.99474169675568 1.00969491973749
1.99474169675568 1.00969491973749
1.99474169675568 1.00969491973749
1.99474169675568 1.00969491973749
1.99474169675568 1.00969491973749
1.99474169675568 1.00969491973749
1.99474169675568 1.00860615956206
1.99474169675568 1.00860615956206
1.99474169675568 1.00860615956206
1.99474169675568 1.00860615956206
1.99474169675568 1.00860615956206
1.99474169675568 1.00860615956206
1.99474169675568 1.00860615956206
1.99474169675568 1.00860615956206
1.99474169675568 1.00860615956206
1.99474169675568 1.00860615956206
1.99081774195047 1.01423819994965
1.99474169675568 1.00860615956206
1.99474169675568 1.00860615956206
1.99474169675568 1.00860615956206
1.99474169675568 1.00860615956206
1.99474169675568 1.00860615956206
1.99474169675568 1.00860615956206
1.99474169675568 1.00860615956206
1.99474169675568 1.00860615956206
1.99474169675568 1.00860615956206
1.99474169675568 1.00860615956206
1.99474169675568 1.00860615956206
1.99474169675568 1.00860615956206
1.99474169675568 1.00860615956206
1.99474169675568 1.00860615956206
1.99474169675568 1.00860615956206
1.99081774195047 1.01423819994965
1.99474169675568 1.00860615956206
1.99474169675568 1.00860615956206
1.99474169675568 1.00860615956206
1.99474169675568 1.00860615956206
1.99474169675568 1.00860615956206
1.99474169675568 1.00860615956206
1.99474169675568 1.00860615956206
1.99474169675568 1.00860615956206
1.99474169675568 1.00860615956206
1.99474169675568 1.00860615956206
1.99474169675568 1.00860615956206
1.99474169675568 1.00860615956206
1.99474169675568 1.00860615956206
1.99474169675568 1.00860615956206
1.99474169675568 1.00860615956206
1.99474169675568 1.00860615956206
1.99474169675568 1.00860615956206
1.99474169675568 1.00860615956206
1.99474169675568 1.00860615956206
1.99474169675568 1.00860615956206
1.99474169675568 1.00860615956206
1.99474169675568 1.00860615956206
1.99474169675568 1.00860615956206
1.99474169675568 1.00860615956206
1.99474169675568 1.00860615956206
1.99474169675568 1.00860615956206
1.99474169675568 1.00860615956206
1.99474169675568 1.00860615956206
1.99474169675568 1.00860615956206
1.99474169675568 1.00860615956206
1.99474169675568 1.00860615956206
1.99081774195047 1.01423819994965
1.99474169675568 1.00860615956206
1.99474169675568 1.00860615956206
1.99474169675568 1.00860615956206
1.99081774195047 1.01423819994965
1.99474169675568 1.00860615956206
1.99474169675568 1.00860615956206
1.99474169675568 1.00860615956206
1.99474169675568 1.00860615956206
1.99474169675568 1.00860615956206
1.99474169675568 1.00860615956206
1.99081774195047 1.01423819994965
1.99474169675568 1.00860615956206
1.99474169675568 1.00860615956206
1.99474169675568 1.00860615956206
1.99178803565412 1.01426884891742
1.99178803565412 1.01426884891742
1.99474169675568 1.00860615956206
1.99474169675568 1.00860615956206
1.99474169675568 1.00860615956206
1.99178803565412 1.01426884891742
1.99178803565412 1.01426884891742
1.99474169675568 1.00860615956206
1.99474169675568 1.00860615956206
1.99474169675568 1.00860615956206
1.99474169675568 1.00860615956206
1.99474169675568 1.00860615956206
1.99474169675568 1.00860615956206
1.99081774195047 1.01423819994965
1.99474169675568 1.00860615956206
1.99474169675568 1.00860615956206
1.99474169675568 1.00860615956206
1.99474169675568 1.00860615956206
1.99474169675568 1.00860615956206
1.99474169675568 1.00860615956206
1.99474169675568 1.00860615956206
1.99474169675568 1.00860615956206
1.99474169675568 1.00860615956206
2.00807814161219 0.99142635122529
1.99474169675568 1.00860615956206
1.99474169675568 1.00860615956206
1.99474169675568 1.00860615956206
1.99474169675568 1.00860615956206
1.99474169675568 1.00860615956206
1.99474169675568 1.00860615956206
1.99474169675568 1.00860615956206
1.99474169675568 1.00860615956206
1.99474169675568 1.00860615956206
1.99474169675568 1.00860615956206
1.99474169675568 1.00860615956206
1.99474169675568 1.00860615956206
1.99474169675568 1.00860615956206
1.99474169675568 1.00860615956206
1.99474169675568 1.00860615956206
2.00807814161219 0.99142635122529
1.99569833103795 0.99753835154414
1.99569833103795 0.99753835154414
1.99569833103795 0.99753835154414
1.99569833103795 0.99753835154414
1.99474169675568 1.00860615956206
1.99569833103795 0.99753835154414
1.99569833103795 0.99753835154414
1.99474169675568 1.00860615956206
1.99474169675568 1.00860615956206
1.99474169675568 1.00860615956206
1.99474169675568 1.00860615956206
1.99178803565412 1.01426884891742
1.99474169675568 1.00860615956206
1.99474169675568 1.00860615956206
1.99474169675568 1.00860615956206
1.99569833103795 0.99753835154414
1.99569833103795 0.99753835154414
1.99569833103795 0.99753835154414
1.99474169675568 1.00860615956206
1.99569833103795 0.99753835154414
1.99569833103795 0.99753835154414
1.99474169675568 1.00860615956206
1.99569833103795 0.99753835154414
1.99569833103795 0.99753835154414
1.99569833103795 0.99753835154414
1.99569833103795 0.99753835154414
1.99474169675568 1.00860615956206
1.99569833103795 0.99753835154414
1.99474169675568 1.00860615956206
1.99569833103795 0.99753835154414
1.99474169675568 1.00860615956206
1.99569833103795 0.99753835154414
1.99474169675568 1.00860615956206
1.99474169675568 1.00860615956206
1.99569833103795 0.99753835154414
1.99474169675568 1.00860615956206
1.99569833103795 0.99753835154414
1.99569833103795 0.99753835154414
1.99569833103795 0.99753835154414
1.99569833103795 0.99753835154414
1.99474169675568 1.00860615956206
1.99569833103795 0.99753835154414
1.99474169675568 1.00860615956206
1.99569833103795 0.99753835154414
1.99569833103795 0.99753835154414
1.99474169675568 1.00860615956206
1.99569833103795 0.99753835154414
1.99569833103795 0.99753835154414
1.99474169675568 1.00860615956206
1.99081774195047 1.01423819994965
1.99474169675568 1.00860615956206
1.99569833103795 0.99753835154414
1.99569833103795 0.99753835154414
1.99569833103795 0.99753835154414
1.99569833103795 0.99753835154414
1.99569833103795 0.99753835154414
1.99474169675568 1.00860615956206
1.99474169675568 1.00860615956206
1.99569833103795 0.99753835154414
1.99569833103795 0.99753835154414
1.99569833103795 0.99753835154414
1.99569833103795 0.99753835154414
1.99569833103795 0.99753835154414
1.99569833103795 0.99753835154414
1.99569833103795 0.99753835154414
1.99474169675568 1.00860615956206
1.99474169675568 1.00860615956206
1.99474169675568 1.00860615956206
1.99569833103795 0.99753835154414
1.99474169675568 1.00860615956206
1.99474169675568 1.00860615956206
1.99569833103795 0.99753835154414
1.99569833103795 0.99753835154414
1.99474169675568 1.00860615956206
1.99569833103795 0.99753835154414
1.99474169675568 1.00860615956206
1.99569833103795 0.99753835154414
1.99569833103795 0.99753835154414
1.99569833103795 0.99753835154414
1.99569833103795 0.99753835154414
1.99569833103795 0.99753835154414
1.99474169675568 1.00860615956206
1.99474169675568 1.00860615956206
1.99569833103795 0.99753835154414
1.99474169675568 1.00860615956206
1.99569833103795 0.99753835154414
1.99569833103795 0.99753835154414
1.99474169675568 1.00860615956206
1.99569833103795 0.99753835154414
1.99081774195047 1.01423819994965
1.99474169675568 1.00860615956206
1.99474169675568 1.00860615956206
1.99474169675568 1.00860615956206
1.99569833103795 0.99753835154414
1.99474169675568 1.00860615956206
2.00242361156041 0.996213028600817
1.99569833103795 0.99753835154414
1.99569833103795 0.99753835154414
1.99569833103795 0.99753835154414
2.00242361156041 0.995401971419753
2.00242361156041 0.995401971419753
2.00242361156041 0.995401971419753
2.00242361156041 0.995401971419753
1.99569833103795 0.99753835154414
1.99569833103795 0.99753835154414
2.00242361156041 0.995401971419753
1.99569833103795 0.99753835154414
1.99569833103795 0.99753835154414
1.99569833103795 0.99753835154414
2.00242361156041 0.995401971419753
2.00242361156041 0.995401971419753
1.99569833103795 0.99753835154414
1.99569833103795 0.99753835154414
1.99474169675568 1.00860615956206
2.00242361156041 0.995401971419753
2.00242361156041 0.995401971419753
1.99569833103795 0.99753835154414
2.00242361156041 0.995401971419753
2.00242361156041 0.995401971419753
2.00242361156041 0.995401971419753
1.99569833103795 0.99753835154414
2.00242361156041 0.995401971419753
1.99474169675568 1.00860615956206
1.99569833103795 0.99753835154414
1.99474169675568 1.00860615956206
1.99569833103795 0.99753835154414
1.99569833103795 0.99753835154414
2.00242361156041 0.995401971419753
2.00242361156041 0.995401971419753
1.99569833103795 0.99753835154414
1.99569833103795 0.99753835154414
1.99569833103795 0.99753835154414
1.99569833103795 0.99753835154414
1.99569833103795 0.99753835154414
2.00242361156041 0.995401971419753
2.00242361156041 0.995401971419753
2.00242361156041 0.995401971419753
1.99569833103795 0.99753835154414
1.99474169675568 1.00860615956206
1.99474169675568 1.00860615956206
2.00242361156041 0.995401971419753
2.00242361156041 0.995401971419753
1.99569833103795 0.99753835154414
2.00242361156041 0.995401971419753
2.00242361156041 0.995401971419753
2.00242361156041 0.995401971419753
2.00242361156041 0.995401971419753
2.00242361156041 0.995401971419753
1.99474169675568 1.00860615956206
1.99569833103795 0.99753835154414
1.99569833103795 0.99753835154414
1.99569833103795 0.99753835154414
1.99569833103795 0.99753835154414
2.00242361156041 0.995401971419753
1.99474169675568 1.00860615956206
2.00242361156041 0.995401971419753
2.00242361156041 0.995401971419753
1.99569833103795 0.99753835154414
2.00242361156041 0.995401971419753
2.00242361156041 0.995401971419753
2.00242361156041 0.995401971419753
2.00242361156041 0.995401971419753
1.99569833103795 0.99753835154414
1.99569833103795 0.99753835154414
2.00242361156041 0.997285754372577
1.99569833103795 0.99753835154414
1.99569833103795 0.99753835154414
1.99474169675568 1.00860615956206
1.99569833103795 0.99753835154414
1.99474169675568 1.00860615956206
1.99474169675568 1.00860615956206
1.99474169675568 1.00860615956206
2.00242361156041 0.997285754372577
1.99569833103795 0.99753835154414
2.00242361156041 0.997285754372577
1.99569833103795 0.99753835154414
1.99569833103795 0.99753835154414
1.99569833103795 0.99753835154414
1.99569833103795 0.99753835154414
1.99474169675568 1.00860615956206
2.00242361156041 0.997285754372577
1.99569833103795 0.99753835154414
1.99569833103795 0.99753835154414
1.99569833103795 0.99753835154414
1.99569833103795 0.99753835154414
2.00242361156041 0.995401971419753
1.99569833103795 0.99753835154414
2.00242361156041 0.995401971419753
1.99569833103795 0.99753835154414
1.99569833103795 0.99753835154414
1.99569833103795 0.99753835154414
1.99569833103795 0.99753835154414
2.00242361156041 0.995401971419753
2.00242361156041 0.995401971419753
2.00242361156041 0.995401971419753
2.00242361156041 0.995401971419753
1.99569833103795 0.99753835154414
2.00100366163356 0.99142635122529
2.00100366163356 0.99142635122529
2.00242361156041 0.995401971419753
2.00242361156041 0.995401971419753
2.00242361156041 0.995401971419753
1.99512110243468 1.002015092214
1.99569833103795 0.99753835154414
1.99512110243468 1.002015092214
2.00242361156041 0.995401971419753
1.99512110243468 1.002015092214
1.99512110243468 1.002015092214
2.00242361156041 0.995401971419753
1.99512110243468 1.002015092214
1.99512110243468 1.002015092214
1.99512110243468 1.002015092214
2.00242361156041 0.995401971419753
2.00242361156041 0.995401971419753
1.99569833103795 0.99753835154414
2.00242361156041 0.995401971419753
2.00242361156041 0.995401971419753
1.99512110243468 1.002015092214
1.99512110243468 1.002015092214
1.99512110243468 1.002015092214
1.99512110243468 1.002015092214
2.00242361156041 0.995401971419753
1.99512110243468 1.002015092214
1.99512110243468 1.002015092214
1.99512110243468 1.002015092214
2.00242361156041 0.995401971419753
1.99512110243468 1.002015092214
1.99512110243468 1.002015092214
1.99512110243468 1.002015092214
2.00242361156041 0.995401971419753
2.00242361156041 0.995401971419753
2.00242361156041 0.995401971419753
2.00242361156041 0.995401971419753
1.99569833103795 0.99753835154414
1.99569833103795 0.99753835154414
1.99569833103795 0.99753835154414
1.99569833103795 0.99753835154414
2.00100366163356 0.99142635122529
2.00100366163356 0.99142635122529
2.00100366163356 0.99142635122529
2.00242361156041 0.995401971419753
2.00100366163356 0.99142635122529
2.00100366163356 0.99142635122529
2.00242361156041 0.995401971419753
2.00242361156041 0.995401971419753
1.99474169675568 1.00860615956206
2.00242361156041 0.995401971419753
2.00242361156041 0.995401971419753
2.00242361156041 0.995401971419753
2.00242361156041 0.995401971419753
2.00242361156041 0.995401971419753
2.00242361156041 0.995401971419753
1.99474169675568 1.00860615956206
2.00242361156041 0.995401971419753
2.00242361156041 0.995401971419753
2.00242361156041 0.995401971419753
2.00242361156041 0.995401971419753
2.00242361156041 0.996213028600817
2.00242361156041 0.996213028600817
1.99569833103795 0.99753835154414
2.00242361156041 0.996213028600817
1.99569833103795 0.99753835154414
2.00242361156041 0.996213028600817
2.00100366163356 0.99142635122529
2.00242361156041 0.996213028600817
2.00242361156041 0.996213028600817
1.99569833103795 0.99753835154414
1.99569833103795 0.99753835154414
2.00242361156041 0.996213028600817
1.99569833103795 0.997285754372577
2.00242361156041 0.996213028600817
2.00100366163356 0.99142635122529
2.00100366163356 0.99142635122529
2.00100366163356 0.99142635122529
1.99512110243468 1.002015092214
2.00242361156041 0.996213028600817
2.00242361156041 0.996213028600817
2.00100366163356 0.99142635122529
2.00100366163356 0.99142635122529
2.00100366163356 0.99142635122529
2.00242361156041 0.996213028600817
2.00242361156041 0.996213028600817
1.99569833103795 0.997285754372577
1.99569833103795 0.997285754372577
2.00242361156041 0.996213028600817
2.00242361156041 0.996213028600817
2.00242361156041 0.996213028600817
2.00242361156041 0.996213028600817
1.99569833103795 0.997285754372577
1.99569833103795 0.997285754372577
2.00100366163356 0.99142635122529
1.99569833103795 0.997285754372577
1.99512110243468 1.002015092214
1.99512110243468 1.002015092214
1.99512110243468 1.002015092214
1.99474169675568 1.00860615956206
1.99569833103795 0.997285754372577
2.00100366163356 0.99753835154414
2.00242361156041 0.996213028600817
2.00242361156041 0.996213028600817
2.00242361156041 0.996213028600817
2.00100366163356 0.99753835154414
2.00100366163356 0.99753835154414
2.00100366163356 0.99753835154414
2.00100366163356 0.99753835154414
2.00100366163356 0.99753835154414
2.00100366163356 0.99753835154414
1.99512110243468 1.002015092214
2.00242361156041 0.996213028600817
1.99512110243468 1.002015092214
1.99512110243468 1.002015092214
1.99512110243468 1.002015092214
2.00242361156041 0.996213028600817
1.99512110243468 1.002015092214
1.99512110243468 1.002015092214
1.99512110243468 1.002015092214
2.00242361156041 0.996213028600817
1.99512110243468 1.002015092214
1.99512110243468 1.002015092214
2.00100366163356 0.99753835154414
1.99512110243468 1.002015092214
2.00100366163356 0.99753835154414
2.00100366163356 0.99753835154414
2.00100366163356 0.99753835154414
2.00242361156041 0.996213028600817
1.99569833103795 0.997285754372577
1.99569833103795 0.997285754372577
1.99512110243468 1.002015092214
1.99569833103795 0.997285754372577
2.00242361156041 0.996213028600817
2.00242361156041 0.996213028600817
2.00100366163356 0.99753835154414
2.00242361156041 0.996213028600817
2.00242361156041 0.996213028600817
2.00242361156041 0.996213028600817
1.99569833103795 0.997285754372577
1.99569833103795 0.997285754372577
1.99512110243468 1.002015092214
1.99512110243468 1.002015092214
1.99569833103795 0.997285754372577
2.00100366163356 0.99753835154414
2.00100366163356 0.99753835154414
1.99512110243468 1.002015092214
2.00100366163356 0.99753835154414
1.99512110243468 1.002015092214
1.99569833103795 0.997285754372577
2.00100366163356 0.99753835154414
2.00100366163356 0.99753835154414
2.00100366163356 0.99753835154414
2.00242361156041 0.990839836301345
2.00242361156041 0.990839836301345
1.99512110243468 1.002015092214
1.99512110243468 1.002015092214
1.99512110243468 1.002015092214
1.99512110243468 1.002015092214
1.99512110243468 1.002015092214
1.99569833103795 0.99753835154414
1.99512110243468 1.002015092214
1.99569833103795 0.99753835154414
2.00100366163356 0.997285754372577
2.00100366163356 0.997285754372577
2.00100366163356 0.997285754372577
1.99569833103795 0.996213028600817
2.00100366163356 0.997285754372577
1.99569833103795 0.996213028600817
1.99569833103795 0.996213028600817
2.00100366163356 0.997285754372577
2.00100366163356 0.997285754372577
1.99178803565412 1.00965429741403
2.00100366163356 0.997285754372577
2.00100366163356 0.997285754372577
1.99566599792398 0.99753835154414
2.00100366163356 0.997285754372577
2.00100366163356 0.997285754372577
2.00100366163356 0.997285754372577
1.99512110243468 1.002015092214
2.00100366163356 0.997285754372577
2.00100366163356 0.997285754372577
2.00100366163356 0.997285754372577
2.00100366163356 0.997285754372577
1.99566599792398 0.99753835154414
2.00100366163356 0.997285754372577
2.00100366163356 0.997285754372577
2.00100366163356 0.997285754372577
1.99512110243468 1.002015092214
1.99566599792398 0.996213028600817
1.99566599792398 0.996213028600817
2.00100366163356 0.997285754372577
2.00100366163356 0.997285754372577
1.99512110243468 1.002015092214
2.00100366163356 0.997285754372577
1.99474169675568 1.00860615956206
1.99566599792398 0.996213028600817
1.99512110243468 1.002015092214
1.99512110243468 1.002015092214
2.00242361156041 0.995401971419753
1.99512110243468 1.002015092214
1.99512110243468 1.002015092214
2.00242361156041 0.995401971419753
2.00242361156041 0.995401971419753
1.99569833103795 0.99753835154414
1.99569833103795 0.99753835154414
1.99512110243468 1.002015092214
1.99512110243468 1.002015092214
2.00242361156041 0.995401971419753
1.99512110243468 1.002015092214
1.99512110243468 1.002015092214
1.99512110243468 1.002015092214
1.99566599792398 0.996213028600817
1.99566599792398 0.996213028600817
1.99512110243468 1.002015092214
1.99512110243468 1.002015092214
2.00100366163356 0.997285754372577
1.99512110243468 1.002015092214
1.99512110243468 1.002015092214
1.99512110243468 1.002015092214
1.99512110243468 1.002015092214
1.99569833103795 0.99753835154414
1.99569833103795 0.99753835154414
2.00242361156041 0.995401971419753
1.99512110243468 1.002015092214
2.00242361156041 0.995401971419753
1.99512110243468 1.002015092214
2.00100366163356 0.997285754372577
2.00100366163356 0.997285754372577
2.00100366163356 0.997285754372577
2.00100366163356 0.997285754372577
1.99569833103795 0.99753835154414
1.99569833103795 0.99753835154414
2.00100366163356 0.997285754372577
2.00242361156041 0.995401971419753
2.00100366163356 0.997285754372577
2.00100366163356 0.996213028600817
2.00100366163356 0.996213028600817
1.99512110243468 1.002015092214
1.99512110243468 1.002015092214
2.00100366163356 0.996213028600817
2.00100366163356 0.996213028600817
2.00100366163356 0.996213028600817
1.99512110243468 1.002015092214
1.99512110243468 1.002015092214
1.99569833103795 0.99753835154414
1.99512110243468 1.002015092214
1.99512110243468 1.002015092214
1.99512110243468 1.002015092214
1.99512110243468 1.002015092214
1.99512110243468 1.002015092214
1.99512110243468 1.002015092214
1.99512110243468 1.002015092214
2.00100366163356 0.996213028600817
1.99512110243468 1.002015092214
2.00100366163356 0.996213028600817
1.99512110243468 1.002015092214
1.99512110243468 1.002015092214
1.99569833103795 0.99753835154414
1.99569833103795 0.99753835154414
1.99512110243468 1.002015092214
1.99512110243468 1.002015092214
2.00100366163356 0.996213028600817
1.99569833103795 0.99753835154414
2.00100366163356 0.996213028600817
2.00100366163356 0.996213028600817
1.99569833103795 0.99753835154414
1.99512110243468 1.002015092214
1.99512110243468 1.002015092214
1.99512110243468 1.002015092214
1.99512110243468 1.002015092214
1.99512110243468 1.002015092214
1.99512110243468 1.002015092214
1.99512110243468 1.002015092214
1.99566599792398 0.997285754372577
1.99566599792398 0.997285754372577
1.99512110243468 1.002015092214
1.99512110243468 1.002015092214
1.99512110243468 1.002015092214
2.00100366163356 0.996213028600817
2.00100366163356 0.996213028600817
2.00100366163356 0.996213028600817
2.00100366163356 0.996213028600817
2.00100366163356 0.996213028600817
2.00100366163356 0.996213028600817
1.99566599792398 0.999436672419889
2.00100366163356 0.996213028600817
2.00100366163356 0.996213028600817
1.99569833103795 0.99753835154414
2.00100366163356 0.996213028600817
1.99512110243468 1.002015092214
1.99512110243468 1.002015092214
1.99512110243468 1.002015092214
1.99566599792398 0.999436672419889
1.99566599792398 0.999436672419889
1.99566599792398 0.999436672419889
2.00100366163356 0.996213028600817
2.00100366163356 0.996213028600817
2.00100366163356 0.996213028600817
2.00100366163356 0.996213028600817
2.00100366163356 0.996213028600817
1.99566599792398 0.999436672419889
1.99566599792398 0.999436672419889
1.99566599792398 0.999436672419889
1.99512110243468 1.002015092214
1.99512110243468 1.002015092214
1.99512110243468 1.002015092214
2.00100366163356 0.996213028600817
2.00100366163356 0.996213028600817
1.99569833103795 0.99753835154414
1.99566599792398 0.999436672419889
1.99569833103795 0.99753835154414
2.00100366163356 0.996213028600817
2.00100366163356 0.996213028600817
2.00100366163356 0.996213028600817
2.00100366163356 0.996213028600817
2.00100366163356 0.996213028600817
2.00100366163356 0.996213028600817
1.99566599792398 0.999436672419889
2.00100366163356 0.996213028600817
2.00100366163356 0.996213028600817
1.99566599792398 0.999436672419889
2.00100366163356 0.996213028600817
2.00100366163356 0.996213028600817
2.00100366163356 0.996213028600817
2.00242361156041 0.995401971419753
2.00100366163356 0.996213028600817
2.00100366163356 0.996213028600817
1.99566599792398 0.999436672419889
1.99512110243468 1.002015092214
1.99512110243468 1.002015092214
1.99566599792398 0.999436672419889
1.99566599792398 0.999436672419889
1.99512110243468 1.002015092214
1.99512110243468 1.002015092214
1.99512110243468 1.002015092214
1.99512110243468 1.002015092214
1.99512110243468 1.002015092214
1.99512110243468 1.002015092214
1.99512110243468 1.002015092214
1.99512110243468 1.002015092214
1.99566599792398 0.999436672419889
2.00100366163356 0.996213028600817
2.00100366163356 0.996213028600817
1.99512110243468 1.002015092214
1.99566599792398 0.999436672419889
1.99569833103795 0.99753835154414
1.99512110243468 1.002015092214
1.99569833103795 0.99753835154414
1.99512110243468 1.002015092214
1.99512110243468 1.002015092214
1.99512110243468 1.002015092214
1.99512110243468 1.002015092214
2.00242361156041 0.995401971419753
2.00242361156041 0.995401971419753
2.00242361156041 0.995401971419753
1.99566599792398 0.999436672419889
1.99566599792398 0.999436672419889
1.99566599792398 0.999436672419889
1.99566599792398 0.999436672419889
1.99566599792398 0.999436672419889
1.99566599792398 0.999436672419889
2.00242361156041 0.995401971419753
1.99566599792398 0.999436672419889
2.00242361156041 0.995401971419753
2.00100366163356 0.99753835154414
1.99512110243468 1.002015092214
1.99566599792398 0.999436672419889
1.99512110243468 1.002015092214
1.99512110243468 1.002015092214
1.99512110243468 1.002015092214
2.00100366163356 0.99753835154414
2.00100366163356 0.995401971419753
2.00100366163356 0.995401971419753
1.99512110243468 1.002015092214
1.99512110243468 1.002015092214
1.99512110243468 1.002015092214
1.99512110243468 1.002015092214
1.99512110243468 1.002015092214
1.99512110243468 1.002015092214
1.99512110243468 1.002015092214
2.00100366163356 0.995401971419753
2.00100366163356 0.995401971419753
2.00100366163356 0.995401971419753
2.00100366163356 0.995401971419753
2.00242361156041 0.99753835154414
2.00242361156041 0.99753835154414
2.00242361156041 0.99753835154414
2.00100366163356 0.995401971419753
2.00100366163356 0.995401971419753
1.99512110243468 1.002015092214
1.99512110243468 1.002015092214
2.00100366163356 0.995401971419753
1.99512110243468 1.002015092214
1.99566599792398 0.999436672419889
1.99566599792398 0.999436672419889
1.99566599792398 0.999436672419889
1.99566599792398 0.999436672419889
2.00100366163356 0.995401971419753
1.99566599792398 0.999436672419889
2.00100366163356 0.995401971419753
1.99566599792398 0.999436672419889
2.00100366163356 0.995401971419753
2.00100366163356 0.995401971419753
2.00100366163356 0.995401971419753
1.99512110243468 1.002015092214
1.99512110243468 1.002015092214
1.99512110243468 1.002015092214
1.99512110243468 1.002015092214
1.99512110243468 1.002015092214
1.99512110243468 1.002015092214
1.99566599792398 0.999436672419889
1.99566599792398 0.999436672419889
1.99566599792398 0.999436672419889
1.99512110243468 1.002015092214
1.99512110243468 1.002015092214
2.00100366163356 0.995401971419753
2.00183636784582 0.992947290579887
2.00100366163356 0.995401971419753
1.99566599792398 0.999436672419889
1.99569833103795 0.99753835154414
1.99569833103795 0.99753835154414
1.99569833103795 0.99753835154414
1.99569833103795 0.99753835154414
1.99569833103795 0.99753835154414
1.99569833103795 0.99753835154414
1.99566599792398 0.999436672419889
1.99566599792398 0.999436672419889
1.99566599792398 0.999436672419889
1.99566599792398 0.999436672419889
1.99178803565412 1.00860615956206
1.99566599792398 0.999436672419889
2.00100366163356 0.995401971419753
1.99566599792398 0.999436672419889
1.99566599792398 0.999436672419889
1.99566599792398 0.999436672419889
1.99566599792398 0.999436672419889
2.00100366163356 0.995401971419753
2.00100366163356 0.995401971419753
2.00100366163356 0.995401971419753
2.00100366163356 0.995401971419753
1.99512110243468 1.002015092214
1.99512110243468 1.002015092214
1.99512110243468 1.002015092214
1.99512110243468 1.002015092214
2.00100366163356 0.995401971419753
2.00183636784582 0.992947290579887
2.00100366163356 0.995401971419753
2.00100366163356 0.995401971419753
1.99512110243468 1.002015092214
2.00100366163356 0.995401971419753
2.00100366163356 0.995401971419753
2.00100366163356 0.995401971419753
1.99566599792398 0.999436672419889
1.99566599792398 0.999436672419889
1.99566599792398 0.999436672419889
1.99566599792398 0.999436672419889
1.99566599792398 0.999436672419889
1.99512110243468 1.002015092214
1.99512110243468 1.002015092214
1.99512110243468 1.002015092214
1.99512110243468 1.002015092214
1.99569833103795 0.99753835154414
1.99512110243468 1.002015092214
2.00183636784582 0.992947290579887
2.00183636784582 0.992947290579887
1.99512110243468 1.002015092214
1.99566599792398 0.999436672419889
1.99566599792398 0.999436672419889
2.00100366163356 0.995401971419753
2.00100366163356 0.995401971419753
2.00100366163356 0.995401971419753
1.99512110243468 1.002015092214
1.99512110243468 1.002015092214
1.99512110243468 1.002015092214
1.99512110243468 1.002015092214
2.00100366163356 0.995401971419753
2.00242361156041 0.997285754372577
2.00100366163356 0.995401971419753
2.00100366163356 0.995401971419753
2.00100366163356 0.995401971419753
2.00100366163356 0.995401971419753
2.00100366163356 0.995401971419753
2.00100366163356 0.995401971419753
2.00100366163356 0.995401971419753
2.00100366163356 0.995401971419753
2.00100366163356 0.995401971419753
1.99512110243468 1.002015092214
1.99512110243468 1.002015092214
2.00100366163356 0.995401971419753
2.00100366163356 0.995401971419753
2.00100366163356 0.995401971419753
2.00183636784582 0.992947290579887
1.99566599792398 0.999436672419889
1.99566599792398 0.999436672419889
1.99566599792398 0.999436672419889
2.00183636784582 0.992947290579887
2.00183636784582 0.992947290579887
2.00183636784582 0.992947290579887
2.00183636784582 0.992947290579887
2.00183636784582 0.992947290579887
1.99566599792398 0.999436672419889
2.00100366163356 0.995401971419753
1.99566599792398 0.999436672419889
2.00100366163356 0.995401971419753
1.99512110243468 1.002015092214
1.99512110243468 1.002015092214
2.00183636784582 0.992947290579887
2.00183636784582 0.992947290579887
2.00183636784582 0.992947290579887
1.99577029067758 1.00351728595824
1.99569833103795 0.99753835154414
1.99512110243468 1.002015092214
1.99577029067758 1.00351728595824
1.99512110243468 0.999436672419889
1.99512110243468 0.999436672419889
2.00100366163356 0.995401971419753
2.00100366163356 0.995401971419753
1.99577029067758 1.00351728595824
1.99566599792398 1.002015092214
1.99566599792398 1.002015092214
1.99512110243468 0.999436672419889
1.99577029067758 1.00351728595824
1.99577029067758 1.00351728595824
1.99577029067758 1.00351728595824
1.99566599792398 1.002015092214
1.99577029067758 1.00351728595824
1.99566599792398 1.002015092214
1.99566599792398 1.002015092214
1.99577029067758 1.00351728595824
1.99566599792398 1.002015092214
1.99566599792398 1.002015092214
1.99577029067758 1.00351728595824
2.00100366163356 0.998097701417232
2.00100366163356 0.998097701417232
2.00100366163356 0.998097701417232
1.99577029067758 1.00351728595824
2.00100366163356 0.998097701417232
2.00100366163356 0.998097701417232
2.00100366163356 0.998097701417232
2.00100366163356 0.998097701417232
1.99566599792398 1.002015092214
1.99566599792398 1.002015092214
2.00100366163356 0.998097701417232
1.99566599792398 1.002015092214
1.99566599792398 1.002015092214
1.99566599792398 1.002015092214
1.99566599792398 1.002015092214
2.0027901131867 0.991957391009785
2.0027901131867 0.991957391009785
2.00100366163356 0.998097701417232
1.99566599792398 1.00351728595824
1.99566599792398 1.00351728595824
2.00100366163356 0.998097701417232
2.00100366163356 0.998097701417232
1.99577029067758 1.002015092214
1.99577029067758 1.002015092214
2.00242361156041 0.997285754372577
2.00242361156041 0.997285754372577
1.99566599792398 1.00351728595824
2.00100366163356 0.998097701417232
1.99566599792398 1.00351728595824
2.00183636784582 0.996213028600817
1.99566599792398 1.00351728595824
1.99566599792398 1.00351728595824
2.00242361156041 0.997285754372577
2.0027901131867 0.995401971419753
1.99566599792398 1.00351728595824
2.00100366163356 0.998097701417232
2.00242361156041 0.997285754372577
2.00242361156041 0.997285754372577
2.0027901131867 0.995401971419753
2.0027901131867 0.995401971419753
2.00100366163356 0.998097701417232
1.99566599792398 1.00351728595824
2.00100366163356 0.998097701417232
1.99566599792398 0.999436672419889
1.99566599792398 0.999436672419889
1.99577029067758 1.002015092214
1.99566599792398 0.999436672419889
2.00100366163356 0.998097701417232
1.99566599792398 0.999436672419889
2.00100366163356 0.998097701417232
1.99512110243468 1.00351728595824
2.00100366163356 0.998097701417232
1.99512110243468 1.00351728595824
2.00100366163356 0.998097701417232
1.99512110243468 1.00351728595824
1.99512110243468 1.00351728595824
2.00100366163356 0.998097701417232
1.99512110243468 1.00351728595824
1.99512110243468 1.00351728595824
1.99512110243468 1.00351728595824
1.99512110243468 1.00351728595824
2.00183636784582 0.996213028600817
2.00183636784582 0.996213028600817
1.99512110243468 1.00351728595824
2.00183636784582 0.996213028600817
2.00183636784582 0.996213028600817
2.00100366163356 0.998097701417232
1.99566599792398 0.999436672419889
2.00100366163356 0.998097701417232
1.99577029067758 1.002015092214
2.00100366163356 0.998097701417232
1.99577029067758 1.002015092214
2.0012029534911 0.99753835154414
2.00100366163356 0.998097701417232
2.0012029534911 0.99753835154414
1.99577029067758 1.002015092214
1.99577029067758 1.002015092214
1.99577029067758 1.002015092214
1.99474169675568 0.999436672419889
1.99512110243468 1.00351728595824
1.99474169675568 0.999436672419889
1.99474169675568 0.999436672419889
1.99474169675568 0.999436672419889
1.99474169675568 0.999436672419889
1.99577029067758 1.002015092214
1.99577029067758 1.002015092214
1.99577029067758 1.002015092214
2.00100366163356 0.99753835154414
1.99577029067758 1.002015092214
1.99512110243468 1.00351728595824
1.99566599792398 0.997285754372577
1.99512110243468 1.00351728595824
1.99512110243468 1.00351728595824
2.0012029534911 0.998097701417232
1.99577029067758 1.002015092214
1.99474169675568 0.999436672419889
1.99474169675568 0.999436672419889
2.0012029534911 0.998097701417232
2.0012029534911 0.998097701417232
2.00100366163356 0.99753835154414
2.00100366163356 0.998097701417232
2.00100366163356 0.998097701417232
1.99577029067758 1.002015092214
2.00100366163356 0.998097701417232
2.00100366163356 0.998097701417232
1.99512110243468 1.00351728595824
1.99512110243468 1.00351728595824
2.0012029534911 0.99753835154414
2.0012029534911 0.99753835154414
2.00100366163356 0.998097701417232
2.0012029534911 0.99753835154414
2.0012029534911 0.99753835154414
2.0012029534911 0.99753835154414
1.99577029067758 1.002015092214
1.99577029067758 1.002015092214
1.99512110243468 1.00351728595824
1.99577029067758 1.002015092214
2.00100366163356 0.998097701417232
2.00100366163356 0.998097701417232
2.00100366163356 0.998097701417232
2.00100366163356 0.998097701417232
2.0012029534911 0.99753835154414
2.00100366163356 0.998097701417232
2.00100366163356 0.998097701417232
2.00100366163356 0.998097701417232
1.99577029067758 1.002015092214
1.99577029067758 1.002015092214
1.99577029067758 1.002015092214
1.99569833103795 0.997285754372577
1.99569833103795 0.997285754372577
1.99569833103795 0.997285754372577
1.99577029067758 1.002015092214
1.99569833103795 0.997285754372577
1.99577029067758 1.002015092214
2.0012029534911 0.99753835154414
2.0012029534911 0.99753835154414
1.99577029067758 1.002015092214
1.99577029067758 1.002015092214
1.99569833103795 0.997285754372577
1.99569833103795 0.997285754372577
1.99577029067758 1.002015092214
2.0012029534911 0.99753835154414
2.0012029534911 0.99753835154414
1.99569833103795 0.998097701417232
1.99577029067758 1.002015092214
1.99577029067758 1.002015092214
2.0012029534911 0.99753835154414
2.0012029534911 0.99753835154414
2.0012029534911 0.99753835154414
2.0012029534911 0.99753835154414
1.99577029067758 1.002015092214
1.99577029067758 1.002015092214
1.99577029067758 1.002015092214
2.00183636784582 0.996213028600817
2.00183636784582 0.996213028600817
1.99577029067758 1.002015092214
1.99577029067758 1.002015092214
1.99577029067758 1.002015092214
1.99577029067758 1.002015092214
2.00100366163356 0.997285754372577
1.99577029067758 1.00351728595824
2.00100366163356 0.997285754372577
2.00100366163356 0.997285754372577
2.00100366163356 0.997285754372577
2.00100366163356 0.997285754372577
2.00100366163356 0.997285754372577
1.99577029067758 1.00351728595824
1.99569833103795 0.999436672419889
1.99577029067758 1.00351728595824
1.99577029067758 1.00351728595824
2.0012029534911 0.99753835154414
2.0012029534911 0.99753835154414
2.0012029534911 0.99753835154414
2.0012029534911 0.99753835154414
2.0012029534911 0.99753835154414
2.0012029534911 0.99753835154414
2.0012029534911 0.99753835154414
2.0012029534911 0.99753835154414
2.0012029534911 0.99753835154414
1.99512110243468 0.998097701417232
1.99577029067758 1.00351728595824
2.00100366163356 0.997285754372577
1.99577029067758 1.00351728595824
1.99577029067758 1.00351728595824
1.99577029067758 1.00351728595824
1.99569833103795 0.998097701417232
1.99569833103795 0.998097701417232
1.99566599792398 1.002015092214
1.99577029067758 1.00351728595824
1.99577029067758 1.00351728595824
1.99566599792398 1.002015092214
1.99566599792398 1.002015092214
2.0012029534911 0.996213028600817
1.99566599792398 1.002015092214
1.99566599792398 1.002015092214
1.99566599792398 1.002015092214
1.99566599792398 1.002015092214
2.0012029534911 0.996213028600817
1.99566599792398 1.002015092214
1.99577029067758 1.00351728595824
1.99577029067758 1.00351728595824
1.99577029067758 1.00351728595824
2.0012029534911 0.996213028600817
2.0012029534911 0.996213028600817
2.0012029534911 0.996213028600817
1.99577029067758 1.00351728595824
1.99577029067758 1.00351728595824
1.99577029067758 1.00351728595824
1.99577029067758 1.00351728595824
2.0012029534911 0.996213028600817
2.0012029534911 0.996213028600817
1.99577029067758 1.002015092214
1.99577029067758 1.002015092214
1.99577029067758 1.002015092214
1.99577029067758 1.002015092214
2.0012029534911 0.996213028600817
2.0012029534911 0.996213028600817
2.0012029534911 0.996213028600817
2.0012029534911 0.996213028600817
2.0012029534911 0.996213028600817
2.0012029534911 0.996213028600817
1.99566599792398 1.00351728595824
2.00100366163356 0.997285754372577
2.00100366163356 0.997285754372577
2.00100366163356 0.997285754372577
1.99566599792398 1.00351728595824
2.00100366163356 0.997285754372577
2.00100366163356 0.997285754372577
1.99569833103795 1.002015092214
1.99569833103795 1.002015092214
1.99512110243468 0.999436672419889
1.99569833103795 1.002015092214
2.00100366163356 0.997285754372577
1.99569833103795 1.002015092214
1.99569833103795 1.002015092214
1.99569833103795 1.002015092214
1.99569833103795 1.002015092214
2.00100366163356 0.995401971419753
2.00100366163356 0.995401971419753
2.0012029534911 0.996485896135292
2.0012029534911 0.996485896135292
2.0012029534911 0.996485896135292
2.0012029534911 0.996485896135292
1.99569833103795 1.002015092214
2.00183636784582 0.99753835154414
1.99566599792398 1.00351728595824
1.99569833103795 1.002015092214
1.99569833103795 1.002015092214
1.99566599792398 1.00351728595824
2.0012029534911 0.996485896135292
1.99566599792398 1.00351728595824
2.0012029534911 0.996485896135292
1.99569833103795 1.002015092214
2.0012029534911 0.996485896135292
1.99566599792398 1.00351728595824
1.99566599792398 1.00351728595824
1.99566599792398 1.00351728595824
1.99569833103795 1.002015092214
1.99569833103795 1.002015092214
2.0012029534911 0.996485896135292
1.99569833103795 1.002015092214
2.00242361156041 0.994111960527712
2.00242361156041 0.994111960527712
1.99569833103795 1.002015092214
1.99569833103795 1.002015092214
1.99569833103795 1.002015092214
2.00100366163356 0.995401971419753
2.00100366163356 0.995401971419753
1.99512110243468 0.999436672419889
2.00100366163356 0.995401971419753
1.99512110243468 0.999436672419889
1.99512110243468 0.999436672419889
2.00242361156041 0.994111960527712
1.99512110243468 0.999436672419889
1.99512110243468 0.999436672419889
1.99577029067758 0.998097701417232
1.99577029067758 0.998097701417232
1.99569833103795 1.002015092214
2.00100366163356 0.995401971419753
1.99569833103795 1.002015092214
1.99569833103795 1.002015092214
1.99512110243468 0.999436672419889
1.99512110243468 0.999436672419889
1.99512110243468 0.999436672419889
1.99512110243468 0.999436672419889
1.99569833103795 1.002015092214
2.00100366163356 0.995401971419753
1.99569833103795 1.002015092214
1.99569833103795 1.002015092214
1.99569833103795 1.002015092214
1.99569833103795 1.002015092214
2.00100366163356 0.995401971419753
2.00100366163356 0.995401971419753
2.00100366163356 0.995401971419753
2.00100366163356 0.995401971419753
2.00100366163356 0.995401971419753
1.99569833103795 1.002015092214
1.99569833103795 1.002015092214
1.99569833103795 1.002015092214
1.99569833103795 1.002015092214
2.0012029534911 0.997285754372577
2.0012029534911 0.997285754372577
2.0012029534911 0.997285754372577
1.99569833103795 1.002015092214
1.99569833103795 1.002015092214
1.99569833103795 1.002015092214
1.99569833103795 1.002015092214
1.99569833103795 1.002015092214
1.99577029067758 1.00351728595824
1.99569833103795 1.002015092214
1.99577029067758 1.00351728595824
1.99577029067758 1.00351728595824
1.99577029067758 1.00351728595824
1.99569833103795 1.002015092214
1.99569833103795 1.002015092214
1.99577029067758 1.00351728595824
1.99569833103795 1.002015092214
1.99569833103795 1.002015092214
1.99569833103795 1.002015092214
1.99569833103795 1.002015092214
1.99569833103795 1.002015092214
1.99569833103795 1.002015092214
1.99569833103795 1.002015092214
1.99569833103795 1.002015092214
1.99569833103795 1.002015092214
1.99569833103795 1.002015092214
1.99569833103795 1.002015092214
1.99577029067758 1.00351728595824
1.99569833103795 1.002015092214
1.99569833103795 1.002015092214
1.99577029067758 1.00351728595824
2.0012029534911 0.995401971419753
2.0012029534911 0.995401971419753
2.0012029534911 0.995401971419753
1.99566599792398 0.998097701417232
1.99566599792398 0.998097701417232
1.9983328409411 0.99753835154414
1.9983328409411 0.99753835154414
1.9983328409411 0.99753835154414
1.9983328409411 0.99753835154414
1.99569833103795 1.002015092214
1.99569833103795 1.002015092214
1.99569833103795 1.002015092214
2.0012029534911 0.995401971419753
1.99569833103795 1.002015092214
1.99577029067758 1.00351728595824
1.99569833103795 1.002015092214
1.99577029067758 1.00351728595824
1.99569833103795 1.002015092214
1.99577029067758 1.00351728595824
1.99569833103795 1.002015092214
1.99569833103795 1.002015092214
1.99577029067758 1.00351728595824
1.99577029067758 1.00351728595824
1.99569833103795 1.002015092214
1.99577029067758 1.00351728595824
1.99569833103795 1.002015092214
1.99569833103795 1.002015092214
1.99569833103795 1.002015092214
1.99577029067758 1.00351728595824
2.00100366163356 0.996485896135292
2.00100366163356 0.996485896135292
1.99569833103795 1.002015092214
2.0012029534911 0.995401971419753
2.0012029534911 0.995401971419753
2.00100366163356 0.99753835154414
1.99577029067758 1.00351728595824
2.0012029534911 0.995401971419753
2.0012029534911 0.995401971419753
2.0012029534911 0.995401971419753
2.00100366163356 0.99753835154414
2.0012029534911 0.995401971419753
1.9983328409411 0.996485896135292
2.00100366163356 0.99753835154414
1.9983328409411 0.996485896135292
2.00100366163356 0.99753835154414
2.00100366163356 0.99753835154414
1.99512110243468 1.00351728595824
2.00100366163356 0.99753835154414
1.99569833103795 1.002015092214
1.99569833103795 1.002015092214
2.0027901131867 0.991957391009785
2.0027901131867 0.991957391009785
1.99569833103795 1.002015092214
2.00100366163356 0.99753835154414
1.99569833103795 1.002015092214
1.99569833103795 1.002015092214
2.00100366163356 0.99753835154414
1.99569833103795 1.002015092214
1.99569833103795 1.00351728595824
1.99569833103795 1.00351728595824
1.99512110243468 1.002015092214
2.00100366163356 0.99753835154414
2.00100366163356 0.99753835154414
2.00100366163356 0.99753835154414
1.99566599792398 0.998097701417232
1.99566599792398 0.998097701417232
1.99512110243468 1.002015092214
1.99512110243468 1.002015092214
1.99512110243468 1.002015092214
1.99512110243468 1.002015092214
1.99512110243468 1.002015092214
1.99512110243468 1.002015092214
1.99566599792398 1.002015092214
1.99577029067758 1.00576176009913
1.99566599792398 1.002015092214
1.9983328409411 0.996485896135292
1.9983328409411 0.996485896135292
1.9983328409411 0.996485896135292
1.9983328409411 0.996485896135292
2.00183636784582 0.993845250933179
2.00100366163356 0.99753835154414
2.00183636784582 0.993845250933179
1.9983328409411 0.996485896135292
2.00183636784582 0.993845250933179
2.00183636784582 0.993845250933179
1.9983328409411 0.996485896135292
1.99577029067758 1.00351728595824
1.99566599792398 1.002015092214
1.99566599792398 1.002015092214
1.99566599792398 1.002015092214
2.00100366163356 0.99753835154414
2.00100366163356 0.99753835154414
1.99566599792398 1.002015092214
1.99566599792398 1.002015092214
1.99577029067758 1.00351728595824
1.99577029067758 1.00351728595824
1.99577029067758 1.00351728595824
1.99566599792398 1.002015092214
1.99566599792398 1.002015092214
1.99566599792398 1.002015092214
1.99577029067758 1.00351728595824
1.99577029067758 1.00351728595824
1.99569833103795 0.999436672419889
2.00100366163356 0.99753835154414
1.99569833103795 1.002015092214
2.00100366163356 0.99753835154414
2.00100366163356 0.99753835154414
2.00100366163356 0.99753835154414
1.99566599792398 1.0017528473868
1.99566599792398 1.0017528473868
1.99566599792398 1.0017528473868
1.99566599792398 1.002015092214
1.99566599792398 1.002015092214
1.99839345364846 0.997285754372577
1.99839345364846 0.997285754372577
1.99839345364846 0.997285754372577
1.99839345364846 0.997285754372577
1.99839345364846 0.997285754372577
1.99569833103795 1.0017528473868
1.99839345364846 0.997285754372577
1.99577029067758 1.00351728595824
1.99566599792398 1.002015092214
1.99577029067758 0.998097701417232
1.99839345364846 0.997285754372577
1.99569833103795 1.0017528473868
1.99569833103795 1.0017528473868
1.99569833103795 1.0017528473868
1.99569833103795 1.0017528473868
1.99577029067758 0.998097701417232
1.99839345364846 0.997285754372577
1.99512110243468 1.00351728595824
1.9983328409411 0.996485896135292
1.9983328409411 0.996485896135292
1.9983328409411 0.996485896135292
1.9983328409411 0.996485896135292
1.9983328409411 0.996485896135292
1.9983328409411 0.996485896135292
1.9983328409411 0.996485896135292
1.9983328409411 0.997285754372577
1.99569833103795 1.0017528473868
1.99569833103795 1.0017528473868
1.9983328409411 0.997285754372577
1.9983328409411 0.997285754372577
1.9983328409411 0.997285754372577
1.9983328409411 0.997285754372577
1.9983328409411 0.997285754372577
1.99569833103795 1.0017528473868
1.99566599792398 1.002015092214
1.99566599792398 1.002015092214
1.99569833103795 1.0017528473868
1.99569833103795 1.0017528473868
1.9983328409411 0.997285754372577
2.0012029534911 0.99142635122529
1.9983328409411 0.998097701417232
1.9983328409411 0.998097701417232
1.9983328409411 0.998097701417232
1.9983328409411 0.998097701417232
1.9983328409411 0.998097701417232
1.99512110243468 1.00351728595824
1.9983328409411 0.998097701417232
1.9983328409411 0.998097701417232
1.9983328409411 0.998097701417232
1.9983328409411 0.998097701417232
2.00242361156041 0.994111960527712
1.9983328409411 0.998097701417232
2.00242361156041 0.994111960527712
1.99566599792398 1.002015092214
2.00242361156041 0.994111960527712
2.00242361156041 0.994111960527712
2.00242361156041 0.994111960527712
1.9983328409411 0.998097701417232
1.9983328409411 0.998097701417232
1.99569833103795 1.0017528473868
2.00242361156041 0.994111960527712
2.0012029534911 0.996485896135292
1.99569833103795 1.0017528473868
1.99569833103795 1.0017528473868
1.99569833103795 1.0017528473868
1.99569833103795 1.0017528473868
1.99512110243468 1.00351728595824
1.99569833103795 1.002015092214
1.99569833103795 1.002015092214
1.99512110243468 1.00351728595824
1.99512110243468 1.00351728595824
1.99512110243468 1.00351728595824
1.99512110243468 1.00351728595824
1.9983328409411 0.998097701417232
1.9983328409411 0.998097701417232
1.99566599792398 1.0017528473868
1.9983328409411 0.998097701417232
1.99512110243468 1.00351728595824
1.9983328409411 0.998097701417232
1.99512110243468 1.00351728595824
1.9983328409411 0.998097701417232
1.99566599792398 1.002015092214
1.99566599792398 1.002015092214
1.9983328409411 0.998097701417232
1.9983328409411 0.998097701417232
1.9983328409411 0.998097701417232
1.9983328409411 0.998097701417232
1.9983328409411 0.998097701417232
1.99569833103795 1.002015092214
1.99512110243468 1.00351728595824
1.9983328409411 0.998097701417232
1.99566599792398 1.0017528473868
1.99566599792398 1.0017528473868
1.99566599792398 1.0017528473868
1.99566599792398 1.0017528473868
1.9983328409411 0.998097701417232
1.9983328409411 0.998097701417232
1.99566599792398 1.0017528473868
1.99566599792398 1.00351728595824
2.0012029534911 0.99753835154414
2.0012029534911 0.99753835154414
1.9983328409411 0.998097701417232
1.99512110243468 1.0017528473868
1.99566599792398 1.00351728595824
1.99566599792398 1.00351728595824
1.99566599792398 1.00351728595824
2.0012029534911 0.99753835154414
2.0012029534911 0.99753835154414
2.0012029534911 0.99753835154414
2.0012029534911 0.99753835154414
2.0012029534911 0.99753835154414
1.99566599792398 1.00351728595824
2.0012029534911 0.99753835154414
2.0012029534911 0.99753835154414
2.0027901131867 0.991957391009785
1.9983328409411 0.998097701417232
2.0012029534911 0.99753835154414
2.0012029534911 0.99753835154414
1.9983328409411 0.998097701417232
1.99512110243468 1.0017528473868
1.99512110243468 1.0017528473868
1.99512110243468 1.0017528473868
1.99512110243468 1.0017528473868
1.99512110243468 1.0017528473868
2.00183636784582 0.996485896135292
1.99566599792398 1.00351728595824
2.00183636784582 0.996485896135292
1.99566599792398 1.00351728595824
2.00183636784582 0.996485896135292
1.99566599792398 1.00351728595824
1.99566599792398 1.00351728595824
1.99566599792398 1.00351728595824
1.99512110243468 1.0017528473868
1.99566599792398 1.00351728595824
1.99566599792398 1.00351728595824
1.99569833103795 0.999303293679517
1.99569833103795 0.999303293679517
1.99569833103795 0.999303293679517
1.9983328409411 0.998097701417232
1.9983328409411 0.998097701417232
1.9983328409411 0.998097701417232
1.99569833103795 0.999303293679517
1.9983328409411 0.998097701417232
1.9983328409411 0.998097701417232
1.99569833103795 0.999303293679517
1.99566599792398 1.00351728595824
1.99569833103795 0.999303293679517
1.99566599792398 1.00351728595824
1.99569833103795 0.999303293679517
2.00242361156041 0.994111960527712
2.00242361156041 0.994111960527712
1.99566599792398 1.00351728595824
1.99566599792398 1.00351728595824
1.9983328409411 0.998097701417232
2.00242361156041 0.995401971419753
2.00242361156041 0.995401971419753
1.99569833103795 0.999303293679517
1.9983328409411 0.998097701417232
1.9983328409411 0.998097701417232
1.9983328409411 0.999303293679517
1.9983328409411 0.999303293679517
1.99839345364846 0.996485896135292
1.99569833103795 0.998097701417232
1.9983328409411 0.999303293679517
1.9983328409411 0.999303293679517
1.9983328409411 0.999303293679517
1.99512110243468 1.0017528473868
1.99512110243468 1.0017528473868
1.9983328409411 0.999303293679517
1.9983328409411 0.999303293679517
1.99512110243468 1.0017528473868
1.9983328409411 0.999303293679517
1.9983328409411 0.999303293679517
1.99566599792398 1.00351728595824
1.99566599792398 1.00351728595824
1.99566599792398 1.00351728595824
1.99839345364846 0.996485896135292
1.99566599792398 1.00351728595824
1.99839345364846 0.996485896135292
1.99839345364846 0.996485896135292
1.99566599792398 1.00351728595824
1.99566599792398 1.00351728595824
1.99566599792398 1.00351728595824
1.99839345364846 0.996485896135292
1.99839345364846 0.996485896135292
1.9983328409411 0.999303293679517
1.99839345364846 0.996485896135292
1.9983328409411 0.999303293679517
1.9983328409411 0.999303293679517
1.99512110243468 1.0017528473868
1.99512110243468 1.0017528473868
1.9983328409411 0.999303293679517
1.9983328409411 0.999303293679517
1.99512110243468 1.0017528473868
1.99512110243468 1.0017528473868
1.9983328409411 0.999303293679517
1.9983328409411 0.999303293679517
1.99839345364846 0.998097701417232
1.99839345364846 0.998097701417232
2.0027901131867 0.99142635122529
1.99839345364846 0.996485896135292
1.99839345364846 0.996485896135292
1.99839345364846 0.996485896135292
1.99839345364846 0.996485896135292
1.99839345364846 0.996485896135292
1.9983328409411 0.999303293679517
1.99839345364846 0.996485896135292
1.99839345364846 0.999303293679517
1.99839345364846 0.999303293679517
1.99839345364846 0.999303293679517
1.9983328409411 0.996485896135292
1.99839345364846 0.999303293679517
1.99512110243468 1.0017528473868
1.99512110243468 1.0017528473868
1.99839345364846 0.999303293679517
1.99512110243468 1.0017528473868
1.9983328409411 0.996485896135292
1.9983328409411 0.996485896135292
1.9983328409411 0.996485896135292
1.99839345364846 0.999303293679517
1.99839345364846 0.999303293679517
2.0012029534911 0.993845250933179
1.9983328409411 0.996485896135292
1.9983328409411 0.996485896135292
1.9983328409411 0.996485896135292
1.99512110243468 1.0017528473868
1.9983328409411 0.996485896135292
1.99512110243468 1.0017528473868
1.9983328409411 0.996485896135292
1.99839345364846 0.999303293679517
1.9983328409411 0.996485896135292
1.9983328409411 0.996485896135292
1.9983328409411 0.996485896135292
1.9983328409411 0.996485896135292
1.9983328409411 0.996485896135292
1.9983328409411 0.996485896135292
1.99839345364846 1.0017528473868
1.99839345364846 1.0017528473868
1.99839345364846 1.0017528473868
1.99839345364846 1.0017528473868
1.99566599792398 1.00351728595824
1.99839345364846 1.0017528473868
1.99839345364846 1.0017528473868
2.00113333102724 0.995401971419753
1.99839345364846 1.0017528473868
2.00113333102724 0.995401971419753
2.00113333102724 0.995401971419753
1.9983328409411 0.99753835154414
1.9983328409411 0.99753835154414
2.00113333102724 0.995401971419753
1.99577029067758 0.999303293679517
1.9983328409411 0.99753835154414
1.9983328409411 0.99753835154414
1.99577029067758 0.999303293679517
1.99839345364846 0.996485896135292
1.99577029067758 0.999303293679517
1.9983328409411 0.99753835154414
1.9983328409411 0.99753835154414
1.9983328409411 0.99753835154414
1.9983328409411 0.99753835154414
1.9983328409411 0.998097701417232
1.9983328409411 0.998097701417232
1.99512110243468 1.00576176009913
1.99512110243468 1.00576176009913
2.00113333102724 0.995401971419753
1.99512110243468 1.00576176009913
1.99577029067758 0.999303293679517
1.99577029067758 0.999303293679517
1.99512110243468 1.00576176009913
1.99577029067758 0.999303293679517
1.99512110243468 1.00576176009913
1.99512110243468 1.00576176009913
1.99839345364846 0.996485896135292
1.9983328409411 0.998097701417232
1.9983328409411 0.998097701417232
1.99839345364846 0.996485896135292
1.99569833103795 1.0017528473868
1.99839345364846 0.996485896135292
1.99839345364846 0.996485896135292
1.9983328409411 0.998097701417232
1.99839345364846 0.996485896135292
1.99569833103795 1.0017528473868
1.99839345364846 0.996485896135292
1.99839345364846 0.996485896135292
1.99569833103795 1.0017528473868
1.9983328409411 0.998097701417232
1.9983328409411 0.998097701417232
1.99569833103795 1.0017528473868
1.99569833103795 1.0017528473868
1.9983328409411 0.998097701417232
1.99569833103795 1.0017528473868
1.99569833103795 1.0017528473868
1.99512110243468 0.999997372760242
1.99512110243468 0.999997372760242
1.99569833103795 1.0017528473868
1.99569833103795 1.0017528473868
1.99839345364846 0.996485896135292
1.99569833103795 1.0017528473868
1.99839345364846 0.996485896135292
1.99569833103795 1.0017528473868
1.99839345364846 0.996485896135292
1.99839345364846 0.996485896135292
1.99839345364846 0.996485896135292
1.99839345364846 0.996485896135292
1.9983328409411 0.99753835154414
1.99569833103795 1.0017528473868
1.99839345364846 0.99753835154414
1.9983328409411 0.996485896135292
1.99839345364846 0.99753835154414
1.9983328409411 0.996485896135292
1.9983328409411 0.996485896135292
1.99839345364846 0.99753835154414
1.99839345364846 0.99753835154414
1.9983328409411 0.996485896135292
2.00113333102724 0.995401971419753
2.00113333102724 0.995401971419753
2.00113333102724 0.995401971419753
1.99839345364846 0.99753835154414
1.99839345364846 0.99753835154414
1.9983328409411 0.996485896135292
1.9983328409411 0.996485896135292
1.99569833103795 1.0017528473868
1.99839345364846 0.99753835154414
1.99569833103795 1.0017528473868
1.99569833103795 1.0017528473868
1.99839345364846 0.99753835154414
1.99839345364846 0.998705537125892
1.9983328409411 0.996485896135292
1.9983328409411 0.996485896135292
1.9983328409411 0.996485896135292
1.99839345364846 0.998705537125892
1.9983328409411 0.996485896135292
1.9983328409411 0.996485896135292
1.99474169675568 1.00351728595824
1.99577029067758 0.999303293679517
1.99577029067758 0.999303293679517
1.9983328409411 0.998097701417232
1.9983328409411 0.998097701417232
1.9983328409411 0.998097701417232
1.9983328409411 0.998097701417232
2.00100366163356 0.998705537125892
1.9983328409411 0.998097701417232
1.9983328409411 0.998097701417232
2.00100366163356 0.998705537125892
1.9983328409411 0.998097701417232
1.9983328409411 0.998097701417232
1.9983328409411 0.998097701417232
1.99839345364846 0.999997372760242
1.99839345364846 0.999997372760242
1.99577029067758 0.999303293679517
1.9983328409411 0.998097701417232
1.99577029067758 0.999303293679517
1.99577029067758 0.999303293679517
1.99577029067758 0.999303293679517
1.9983328409411 0.998097701417232
1.99577029067758 0.999303293679517
2.0012029534911 0.997285754372577
1.99836622236688 0.996485896135292
1.99836622236688 0.996485896135292
1.99836622236688 0.996485896135292
1.99836622236688 0.996485896135292
1.99836622236688 0.996485896135292
1.99836622236688 0.996485896135292
2.00113333102724 0.995401971419753
2.00113333102724 0.995401971419753
1.99836622236688 0.996485896135292
1.99836622236688 0.996485896135292
1.99836622236688 0.996485896135292
1.99836622236688 0.996485896135292
2.0012029534911 0.997285754372577
2.0012029534911 0.997285754372577
1.99836622236688 0.996485896135292
1.99836622236688 0.996485896135292
2.0012029534911 0.997285754372577
1.99836622236688 0.996485896135292
1.99474169675568 1.00351728595824
1.99836622236688 0.996485896135292
1.99836622236688 0.996485896135292
1.99474169675568 1.00351728595824
1.99474169675568 1.00351728595824
1.99566599792398 1.00293273143084
1.99839345364846 0.999303293679517
1.99839345364846 0.999303293679517
1.99839345364846 0.999303293679517
1.99839345364846 0.999303293679517
1.99839345364846 0.999303293679517
1.99566599792398 1.00293273143084
1.99566599792398 1.00293273143084
2.00100366163356 0.998705537125892
1.99566599792398 1.00293273143084
1.99566599792398 1.00293273143084
2.00100366163356 0.998705537125892
2.00100366163356 0.998705537125892
1.99566599792398 1.00293273143084
1.99566599792398 1.00293273143084
1.99566599792398 1.00293273143084
1.99566599792398 1.00293273143084
1.99839345364846 0.999303293679517
1.99566599792398 1.00293273143084
1.99566599792398 1.00293273143084
1.99836622236688 0.996485896135292
1.99566599792398 1.00293273143084
1.99836622236688 0.996485896135292
1.99836622236688 0.996485896135292
1.99566599792398 1.00293273143084
1.99839345364846 0.999303293679517
1.99839345364846 0.999303293679517
1.99839345364846 0.999303293679517
1.99839345364846 0.999303293679517
1.9983328409411 0.998097701417232
1.9983328409411 0.998097701417232
1.9983328409411 0.998097701417232
1.99566599792398 1.00293273143084
1.9983328409411 0.998097701417232
1.99566599792398 1.00293273143084
1.99566599792398 1.00293273143084
1.99566599792398 1.00293273143084
1.9983328409411 0.998097701417232
1.99566599792398 1.00293273143084
2.0012029534911 0.995401971419753
2.0012029534911 0.995401971419753
2.0012029534911 0.995401971419753
2.0012029534911 0.995401971419753
2.0012029534911 0.995401971419753
1.99512110243468 1.0017528473868
1.99474169675568 1.00351728595824
1.99474169675568 1.00351728595824
2.00100366163356 0.997285754372577
2.00100366163356 0.997285754372577
1.9983328409411 0.998097701417232
2.00100366163356 0.997285754372577
2.00100366163356 0.997285754372577
1.9983328409411 0.998097701417232
2.00033055306931 0.998705537125892
1.9983328409411 0.998097701417232
2.00100366163356 0.997285754372577
1.9983328409411 0.998097701417232
1.9983328409411 0.998097701417232
1.99577029067758 0.999303293679517
1.99577029067758 1.00293273143084
1.9983328409411 0.998097701417232
1.9983328409411 0.998097701417232
1.9983328409411 0.998097701417232
1.99839345364846 0.99753835154414
1.9983328409411 0.998097701417232
1.99839345364846 0.99753835154414
1.99839345364846 0.99753835154414
1.9983328409411 0.999303293679517
1.99839345364846 0.99753835154414
2.00100366163356 0.997285754372577
1.9983328409411 0.999303293679517
1.99839345364846 0.99753835154414
1.9983328409411 0.999303293679517
1.9983328409411 0.999303293679517
1.9983328409411 0.999303293679517
1.9983328409411 0.999303293679517
1.99839345364846 0.99753835154414
1.9983328409411 0.999303293679517
2.00033055306931 0.998705537125892
2.00033055306931 0.998705537125892
2.00033055306931 0.998705537125892
2.0012029534911 0.999303293679517
2.00033055306931 0.998705537125892
2.0012029534911 0.999303293679517
2.0012029534911 0.999303293679517
2.00033055306931 0.998705537125892
2.00033055306931 0.998705537125892
2.00033055306931 0.998705537125892
1.99839345364846 0.99753835154414
2.00100366163356 0.998705537125892
2.00100366163356 0.998705537125892
2.00100366163356 0.998705537125892
2.00100366163356 0.998705537125892
2.00242361156041 0.995401971419753
2.00242361156041 0.995401971419753
1.99839345364846 0.99753835154414
1.99839345364846 0.99753835154414
2.00242361156041 0.995401971419753
2.0012029534911 0.997285754372577
2.0012029534911 0.997285754372577
1.99577029067758 1.00293273143084
1.99577029067758 1.00293273143084
1.99577029067758 1.00293273143084
1.99577029067758 1.00293273143084
1.99577029067758 1.00293273143084
2.0012029534911 0.99753835154414
2.0012029534911 0.99753835154414
1.99836622236688 0.999303293679517
2.00033055306931 0.996485896135292
2.00033055306931 0.996485896135292
2.00033055306931 0.996485896135292
2.00033055306931 0.996485896135292
2.00033055306931 0.996485896135292
1.99836622236688 0.99753835154414
1.99836622236688 0.99753835154414
2.00033055306931 0.996485896135292
1.9983328409411 0.999997372760242
2.00033055306931 0.996485896135292
1.99836622236688 0.99753835154414
1.99836622236688 0.99753835154414
1.99836622236688 0.99753835154414
1.9983328409411 0.999997372760242
1.99569833103795 1.00314411465065
1.99836622236688 0.99753835154414
1.99569833103795 1.00314411465065
1.99569833103795 1.00314411465065
1.99569833103795 1.00314411465065
1.99836622236688 0.99753835154414
1.99836622236688 0.99753835154414
1.99836622236688 0.99753835154414
1.99836622236688 0.99753835154414
1.99836622236688 0.99753835154414
1.9983328409411 0.999997372760242
1.9983328409411 0.999997372760242
1.99577029067758 1.00351728595824
1.9983328409411 0.999997372760242
1.9983328409411 0.999997372760242
1.9983328409411 0.999997372760242
1.99569833103795 1.00314411465065
1.99569833103795 1.00314411465065
1.9983328409411 0.999997372760242
1.99839345364846 0.997285754372577
1.99839345364846 0.997285754372577
1.99836622236688 0.999157612215723
1.9983328409411 0.999997372760242
1.99836622236688 0.999157612215723
1.99836622236688 0.999157612215723
1.9983328409411 0.999997372760242
1.99836622236688 0.999157612215723
1.9983328409411 0.998097701417232
1.99836622236688 0.999997372760242
1.99839345364846 0.997285754372577
1.99839345364846 0.997285754372577
1.9983328409411 0.998097701417232
2.00100366163356 0.995401971419753
2.00100366163356 0.995401971419753
1.9983328409411 0.998097701417232
1.9983328409411 0.998097701417232
1.9983328409411 0.998097701417232
2.00100366163356 0.995401971419753
2.00100366163356 0.995401971419753
2.00033055306931 0.998705537125892
1.99474169675568 1.00293273143084
2.00033055306931 0.998705537125892
1.9983328409411 0.998097701417232
